5.373311036908245963e-01
5.390747595823757177e-01
5.389364593444841978e-01
5.402421022750075741e-01
5.402342325747069296e-01
5.408631170133317845e-01
5.392105603340360265e-01
5.387170786697476066e-01
5.414345845399621826e-01
5.412582587345998730e-01
5.405119964815686684e-01
5.414789292156874101e-01
5.396757587930921529e-01
5.398358390828210673e-01
5.436062509363437378e-01
5.441316489041516657e-01
5.439414343627375636e-01
5.435758790860214518e-01
5.421617507089676602e-01
5.435726117798754808e-01
5.419552814259471774e-01
5.410253027246550994e-01
5.428477441180157292e-01
5.410885903569734312e-01
5.505905171843769041e-01
5.441515677274267881e-01
5.423210738629949956e-01
5.590838345752446870e-01
6.513270299128248730e-01
6.693689848670524301e-01
6.646524713631467574e-01
6.783122815087576640e-01
6.893171631308300240e-01
7.104657754180202511e-01
7.174974167487923049e-01
7.268428965853379609e-01
7.329079135793664657e-01
7.364129823811297326e-01
7.448723342413530180e-01
7.519633155769862576e-01
7.586011864876847088e-01
7.658912987959453078e-01
7.738118035320349364e-01
7.911835989158009230e-01
8.019755034495955615e-01
8.084176131124413134e-01
8.211077033856190033e-01
8.254710088368939491e-01
8.378810885404779363e-01
8.642445018133019241e-01
8.850564812518108004e-01
8.958239013981246224e-01
9.237277889212772708e-01
9.518807539301649134e-01
9.772484293976831937e-01
1.000000000000000000e+00
8.819634119675030526e-01
6.417667985297839106e-01
5.716104415006290074e-01
5.758800122659414322e-01
5.686267367333240896e-01
5.629379920066500675e-01
5.563753851540288453e-01
5.577068485795855235e-01
5.554146111019463428e-01
5.464741588645825043e-01
5.474007054563694297e-01
5.490475018564894283e-01
5.436317439835901544e-01
5.450739571589715560e-01
5.462138900859363488e-01
5.437196283994646384e-01
5.419026477138213505e-01
5.447775931226241930e-01
5.452056456374214655e-01
5.437799849470134061e-01
5.505643894143180672e-01
5.511990703597797747e-01
5.493821520763585431e-01
5.491539850071025519e-01
5.492823258993793090e-01
5.434310843956009496e-01
