8.986742742198634559e-01
9.029940563480112203e-01
9.218524190569807875e-01
9.481743890878602254e-01
9.678150958944052862e-01
9.911202327087551556e-01
9.989529291659074994e-01
9.989619075195315112e-01
9.986593046012051111e-01
9.995086150544966186e-01
9.982468970950011400e-01
9.994407828403457650e-01
9.990526374600752213e-01
9.988020177699078461e-01
9.994263429452087122e-01
9.998316714786518178e-01
9.987467326422829750e-01
9.997303352376334384e-01
9.985903662770221345e-01
9.990414600308914483e-01
9.991656657376187800e-01
9.996358177081914320e-01
9.989684521681945206e-01
9.986505654775583718e-01
9.989605615222969526e-01
9.988107463779510864e-01
1.000000000000000000e+00
9.990578065363693305e-01
9.985004927009296649e-01
9.995208598174252224e-01
9.991844669792638856e-01
9.989556435060339412e-01
9.988191785774235276e-01
9.987617068615175508e-01
9.972174316189049703e-01
9.954370179864501234e-01
9.924703108743021529e-01
9.902848223973360620e-01
9.893621573326721874e-01
9.868438013735834069e-01
9.847912616703422550e-01
9.819964518124447705e-01
9.810034971685617222e-01
9.783304251367195281e-01
9.759262134235843211e-01
9.739978761409445740e-01
9.719649335790808697e-01
9.704367248640054511e-01
9.676337476683959382e-01
9.652782843209252173e-01
9.640072314007525067e-01
9.616128149721797636e-01
9.595412104799833086e-01
9.576493603694491430e-01
9.557169417182417304e-01
9.533004688115476188e-01
9.506298626887016434e-01
9.491716563454278832e-01
9.475277069843583977e-01
9.441317167942329114e-01
9.424648513044643350e-01
9.411507685351988561e-01
9.384477382065090634e-01
9.365815021341699076e-01
9.345346671457708254e-01
9.321786747320041089e-01
9.296020412988990067e-01
9.285442481017066596e-01
9.269476846784364676e-01
9.231586238623004093e-01
9.217156842034809339e-01
9.204462723746630326e-01
9.180170000069615144e-01
9.150067208349204062e-01
9.127683829069657140e-01
9.110666857954012876e-01
9.096869343973833510e-01
9.075627505737604572e-01
9.053353081253737722e-01
9.031637252194472110e-01
9.013260909311178182e-01
8.988368986835947316e-01
