3.326937556266799656e-01
3.203406929969800365e-01
3.005787730216999964e-01
2.906963229179400088e-01
2.913147211074800236e-01
2.777278423309300082e-01
2.357318997383099912e-01
2.332612872123699943e-01
2.734050154686000211e-01
2.993434667587299702e-01
2.857565879821800103e-01
2.480834722518900082e-01
2.561122179031399826e-01
2.962559461593600174e-01
3.036662936210599573e-01
2.789631485938999789e-01
2.703160047531100174e-01
2.789631485938999789e-01
2.944022417068500319e-01
2.795800566673299903e-01
2.783447504043600196e-01
2.944022417068500319e-01
2.900794148445099974e-01
2.826675772666900066e-01
2.789631485938999789e-01
3.030493855476400489e-01
3.067538142204299656e-01
2.857565879821800103e-01
2.554938197135900313e-01
2.696990966796899980e-01
2.764925360679599819e-01
2.740219235420200405e-01
2.962559461593600174e-01
3.049015998840299835e-01
3.283694386482199912e-01
3.147825598716699758e-01
2.993434667587299702e-01
2.764925360679599819e-01
2.524062991142299595e-01
2.493187785148599789e-01
2.394378185272199866e-01
2.752572298049900112e-01
2.944022417068500319e-01
2.789631485938999789e-01
2.734050154686000211e-01
2.653762698173500190e-01
2.740219235420200405e-01
2.944022417068500319e-01
3.123119473457299788e-01
3.172531723976100282e-01
2.764925360679599819e-01
2.548769116401700119e-01
2.598181366920500057e-01
2.653762698173500190e-01
2.783447504043600196e-01
2.678468823432899604e-01
2.888441085815400267e-01
3.116950392723100149e-01
2.839028835296600328e-01
2.808153629303000165e-01
2.777278423309300082e-01
2.839028835296600328e-01
2.369672060012800174e-01
2.134978771209699866e-01
2.196744084358200066e-01
2.795800566673299903e-01
3.086075186729400066e-01
3.024309873580899866e-01
2.801984548568700051e-01
2.548769116401700119e-01
2.406716346740700174e-01
2.573475241661100088e-01
2.894625067710899780e-01
3.333106637000999850e-01
3.061369061470000097e-01
2.641409635543799928e-01
2.641409635543799928e-01
3.024309873580899866e-01
3.289878368377699980e-01
2.734050154686000211e-01
2.270847558975200298e-01
2.307906746864300251e-01
2.678468823432899604e-01
2.734050154686000211e-01
2.734050154686000211e-01
2.808153629303000165e-01
2.956375479698200026e-01
2.832859754562400134e-01
2.394378185272199866e-01
2.277031540870699811e-01
2.789631485938999789e-01
2.869918942451499810e-01
2.672284841537500011e-01
2.604350447654699696e-01
2.659931778907800304e-01
2.814337611198400313e-01
2.764925360679599819e-01
2.690806984901399912e-01
2.462312579154999903e-01
2.462312579154999903e-01
2.734050154686000211e-01
2.647578716278100042e-01
2.672284841537500011e-01
2.783447504043600196e-01
2.789631485938999789e-01
2.727866172790500143e-01
2.499356865882899903e-01
2.320259809493999958e-01
2.653762698173500190e-01
2.857565879821800103e-01
2.629056572914100220e-01
2.653762698173500190e-01
2.789631485938999789e-01
2.962559461593600174e-01
2.789631485938999789e-01
2.536416053771999857e-01
2.622872591018700072e-01
2.913147211074800236e-01
3.123119473457299788e-01
2.894625067710899780e-01
2.950206398963899912e-01
3.246650099754300189e-01
3.203406929969800365e-01
2.937853336334199650e-01
2.993434667587299702e-01
3.005787730216999964e-01
2.771094441413900489e-01
2.727866172790500143e-01
2.882272005081200072e-01
2.863734960555999742e-01
2.919316291809099795e-01
2.690806984901399912e-01
2.900794148445099974e-01
2.937853336334199650e-01
2.906963229179400088e-01
2.567291259765600020e-01
2.641409635543799928e-01
2.752572298049900112e-01
2.764925360679599819e-01
2.363488078117400026e-01
2.456128597259499835e-01
2.635225653648399780e-01
2.703160047531100174e-01
2.678468823432899604e-01
2.944022417068500319e-01
3.462806344032300365e-01
3.506034612655600236e-01
3.079891204833999918e-01
2.777278423309300082e-01
3.104597330093399887e-01
3.481328487396199711e-01
2.894625067710899780e-01
2.431422472000099866e-01
2.480834722518900082e-01
2.666115760803199897e-01
2.746403217315699918e-01
2.604350447654699696e-01
2.499356865882899903e-01
2.746403217315699918e-01
3.018140792846700227e-01
3.024309873580899866e-01
3.067538142204299656e-01
2.956375479698200026e-01
2.690806984901399912e-01
2.536416053771999857e-01
2.542585134506200051e-01
2.789631485938999789e-01
2.900794148445099974e-01
2.832859754562400134e-01
2.690806984901399912e-01
2.616703510284399958e-01
2.579644322395299727e-01
2.808153629303000165e-01
2.795800566673299903e-01
2.721697092056299949e-01
2.808153629303000165e-01
2.919316291809099795e-01
2.740219235420200405e-01
2.579644322395299727e-01
2.542585134506200051e-01
2.974897623062099927e-01
3.221943974494899665e-01
2.826675772666900066e-01
2.301737666130100057e-01
2.190560102462800196e-01
2.900794148445099974e-01
3.036662936210599573e-01
2.900794148445099974e-01
2.795800566673299903e-01
2.857565879821800103e-01
2.876088023185700004e-01
2.567291259765600020e-01
2.764925360679599819e-01
3.475144505500800118e-01
3.499850630760199532e-01
2.906963229179400088e-01
2.505540847778299773e-01
2.808153629303000165e-01
3.178715705871599795e-01
2.727866172790500143e-01
2.598181366920500057e-01
3.030493855476400489e-01
3.543078899383499958e-01
3.345459699630700112e-01
2.832859754562400134e-01
2.900794148445099974e-01
3.388687968254100458e-01
3.246650099754300189e-01
2.814337611198400313e-01
2.752572298049900112e-01
3.129303455352799856e-01
3.042832016944900242e-01
2.795800566673299903e-01
2.382025122642500159e-01
2.499356865882899903e-01
3.277525305748000273e-01
3.450453281402600103e-01
3.351628780365000226e-01
2.993434667587299702e-01
2.616703510284399958e-01
2.604350447654699696e-01
2.629056572914100220e-01
2.783447504043600196e-01
2.758741378784200227e-01
2.906963229179400088e-01
3.049015998840299835e-01
3.005787730216999964e-01
2.937853336334199650e-01
2.919316291809099795e-01
2.764925360679599819e-01
2.561122179031399826e-01
2.326428890228300073e-01
2.227619290351900150e-01
2.431422472000099866e-01
2.320259809493999958e-01
2.456128597259499835e-01
3.024309873580899866e-01
3.240466117858900041e-01
2.999603748321499896e-01
2.468481659889199820e-01
2.252325415611300119e-01
2.740219235420200405e-01
3.110781311988800035e-01
2.968728542327899733e-01
2.863734960555999742e-01
2.808153629303000165e-01
2.888441085815400267e-01
2.734050154686000211e-01
2.764925360679599819e-01
2.764925360679599819e-01
2.604350447654699696e-01
2.425253391265899949e-01
2.567291259765600020e-01
2.449959516525300196e-01
2.789631485938999789e-01
2.913147211074800236e-01
3.135472536087000051e-01
3.129303455352799856e-01
3.030493855476400489e-01
3.005787730216999964e-01
2.906963229179400088e-01
2.876088023185700004e-01
2.684637904167200273e-01
2.536416053771999857e-01
2.944022417068500319e-01
3.296047449111899619e-01
3.141656517982499564e-01
2.357318997383099912e-01
2.042338252067600057e-01
2.388194203376799996e-01
2.839028835296600328e-01
2.789631485938999789e-01
2.678468823432899604e-01
2.999603748321499896e-01
3.320753574371300143e-01
2.913147211074800236e-01
2.641409635543799928e-01
2.505540847778299773e-01
2.727866172790500143e-01
2.746403217315699918e-01
2.758741378784200227e-01
2.820506691932699872e-01
2.832859754562400134e-01
2.894625067710899780e-01
3.011956810951200159e-01
3.129303455352799856e-01
2.937853336334199650e-01
2.931669354438800057e-01
3.005787730216999964e-01
2.993434667587299702e-01
2.783447504043600196e-01
2.629056572914100220e-01
2.678468823432899604e-01
2.758741378784200227e-01
2.604350447654699696e-01
2.406716346740700174e-01
2.839028835296600328e-01
3.191053867340100103e-01
3.129303455352799856e-01
2.826675772666900066e-01
2.746403217315699918e-01
3.061369061470000097e-01
3.073722124099699804e-01
2.629056572914100220e-01
2.437606453895599934e-01
2.419069409370399881e-01
2.622872591018700072e-01
2.629056572914100220e-01
2.678468823432899604e-01
2.449959516525300196e-01
2.573475241661100088e-01
2.659931778907800304e-01
2.993434667587299702e-01
3.030493855476400489e-01
3.042832016944900242e-01
2.863734960555999742e-01
2.604350447654699696e-01
2.406716346740700174e-01
2.678468823432899604e-01
2.672284841537500011e-01
2.684637904167200273e-01
3.018140792846700227e-01
2.937853336334199650e-01
2.950206398963899912e-01
2.931669354438800057e-01
3.018140792846700227e-01
2.987250685691800189e-01
2.721697092056299949e-01
2.326428890228300073e-01
2.554938197135900313e-01
3.005787730216999964e-01
3.184884786605799989e-01
2.721697092056299949e-01
2.449959516525300196e-01
2.604350447654699696e-01
2.857565879821800103e-01
2.931669354438800057e-01
2.801984548568700051e-01
2.974897623062099927e-01
3.073722124099699804e-01
2.808153629303000165e-01
2.598181366920500057e-01
2.591997385024999989e-01
2.900794148445099974e-01
3.191053867340100103e-01
2.882272005081200072e-01
2.480834722518900082e-01
2.548769116401700119e-01
2.783447504043600196e-01
2.795800566673299903e-01
2.703160047531100174e-01
2.567291259765600020e-01
2.814337611198400313e-01
2.987250685691800189e-01
2.851381897926300035e-01
2.419069409370399881e-01
2.548769116401700119e-01
2.690806984901399912e-01
2.820506691932699872e-01
2.919316291809099795e-01
3.030493855476400489e-01
3.123119473457299788e-01
2.919316291809099795e-01
2.456128597259499835e-01
2.777278423309300082e-01
3.234297037124599927e-01
3.166362643241900088e-01
2.542585134506200051e-01
2.215266227722200165e-01
2.906963229179400088e-01
3.258988261222799943e-01
3.184884786605799989e-01
3.104597330093399887e-01
3.018140792846700227e-01
3.005787730216999964e-01
2.764925360679599819e-01
2.499356865882899903e-01
2.703160047531100174e-01
3.258988261222799943e-01
3.160178661346400020e-01
2.752572298049900112e-01
2.579644322395299727e-01
2.672284841537500011e-01
2.876088023185700004e-01
2.752572298049900112e-01
2.721697092056299949e-01
2.808153629303000165e-01
2.795800566673299903e-01
3.073722124099699804e-01
2.931669354438800057e-01
3.024309873580899866e-01
3.073722124099699804e-01
3.215759992599500072e-01
3.197237849235500251e-01
2.734050154686000211e-01
2.641409635543799928e-01
2.678468823432899604e-01
2.696990966796899980e-01
2.412900328636199687e-01
2.295553684234599989e-01
2.647578716278100042e-01
3.326937556266799656e-01
3.314584493637099949e-01
2.888441085815400267e-01
2.801984548568700051e-01
3.110781311988800035e-01
3.123119473457299788e-01
2.659931778907800304e-01
2.443775534629800128e-01
2.524062991142299595e-01
2.641409635543799928e-01
2.727866172790500143e-01
2.869918942451499810e-01
3.160178661346400020e-01
3.228113055229199779e-01
2.999603748321499896e-01
3.049015998840299835e-01
3.302231431007400242e-01
3.506034612655600236e-01
3.234297037124599927e-01
3.079891204833999918e-01
3.191053867340100103e-01
3.098428249359100328e-01
2.740219235420200405e-01
2.616703510284399958e-01
2.542585134506200051e-01
2.703160047531100174e-01
2.771094441413900489e-01
2.869918942451499810e-01
2.888441085815400267e-01
2.734050154686000211e-01
2.659931778907800304e-01
2.709344029426599687e-01
2.944022417068500319e-01
2.758741378784200227e-01
2.456128597259499835e-01
2.808153629303000165e-01
3.036662936210599573e-01
3.055185079574599949e-01
2.931669354438800057e-01
2.863734960555999742e-01
3.123119473457299788e-01
3.302231431007400242e-01
3.147825598716699758e-01
3.061369061470000097e-01
2.801984548568700051e-01
2.734050154686000211e-01
2.622872591018700072e-01
2.863734960555999742e-01
3.197237849235500251e-01
3.382518887519799788e-01
3.308400511741599881e-01
3.357812762260400374e-01
3.370165824890100081e-01
3.042832016944900242e-01
2.622872591018700072e-01
2.666115760803199897e-01
3.042832016944900242e-01
3.154009580612199826e-01
2.832859754562400134e-01
2.536416053771999857e-01
2.678468823432899604e-01
2.678468823432899604e-01
2.375841140747099733e-01
2.425253391265899949e-01
2.678468823432899604e-01
2.659931778907800304e-01
2.764925360679599819e-01
2.641409635543799928e-01
2.709344029426599687e-01
2.783447504043600196e-01
2.709344029426599687e-01
2.764925360679599819e-01
2.493187785148599789e-01
2.505540847778299773e-01
2.536416053771999857e-01
2.721697092056299949e-01
2.832859754562400134e-01
2.944022417068500319e-01
3.116950392723100149e-01
3.302231431007400242e-01
3.215759992599500072e-01
2.789631485938999789e-01
2.808153629303000165e-01
3.098428249359100328e-01
3.184884786605799989e-01
2.863734960555999742e-01
2.388194203376799996e-01
2.801984548568700051e-01
3.302231431007400242e-01
3.530740737915000205e-01
3.184884786605799989e-01
3.042832016944900242e-01
3.258988261222799943e-01
3.141656517982499564e-01
2.808153629303000165e-01
2.425253391265899949e-01
2.554938197135900313e-01
2.752572298049900112e-01
2.808153629303000165e-01
2.999603748321499896e-01
3.005787730216999964e-01
3.098428249359100328e-01
3.339275717735299964e-01
3.530740737915000205e-01
3.166362643241900088e-01
2.950206398963899912e-01
2.715513110160799881e-01
2.839028835296600328e-01
3.067538142204299656e-01
2.981081604957599995e-01
2.709344029426599687e-01
2.863734960555999742e-01
3.215759992599500072e-01
3.481328487396199711e-01
3.419563174247700066e-01
3.184884786605799989e-01
3.073722124099699804e-01
2.931669354438800057e-01
2.758741378784200227e-01
2.993434667587299702e-01
3.271341323852500205e-01
3.388687968254100458e-01
2.900794148445099974e-01
2.703160047531100174e-01
2.919316291809099795e-01
2.913147211074800236e-01
2.474650740623500211e-01
2.542585134506200051e-01
2.764925360679599819e-01
3.197237849235500251e-01
3.098428249359100328e-01
2.900794148445099974e-01
3.086075186729400066e-01
3.345459699630700112e-01
3.055185079574599949e-01
3.018140792846700227e-01
2.801984548568700051e-01
3.123119473457299788e-01
2.981081604957599995e-01
2.653762698173500190e-01
2.425253391265899949e-01
2.419069409370399881e-01
2.530246973037700298e-01
3.178715705871599795e-01
3.104597330093399887e-01
2.944022417068500319e-01
3.024309873580899866e-01
3.184884786605799989e-01
3.073722124099699804e-01
2.678468823432899604e-01
2.480834722518900082e-01
2.629056572914100220e-01
2.832859754562400134e-01
2.536416053771999857e-01
2.487003803253199918e-01
2.598181366920500057e-01
2.795800566673299903e-01
2.703160047531100174e-01
2.406716346740700174e-01
2.585828304290800350e-01
2.987250685691800189e-01
3.005787730216999964e-01
2.573475241661100088e-01
2.962559461593600174e-01
3.302231431007400242e-01
3.203406929969800365e-01
2.832859754562400134e-01
3.110781311988800035e-01
3.333106637000999850e-01
3.382518887519799788e-01
2.925500273704499943e-01
2.894625067710899780e-01
3.333106637000999850e-01
3.641903400421099835e-01
3.005787730216999964e-01
2.709344029426599687e-01
2.845212817192100396e-01
3.086075186729400066e-01
3.394871950149500051e-01
3.011956810951200159e-01
2.771094441413900489e-01
2.789631485938999789e-01
2.808153629303000165e-01
2.610534429550199764e-01
2.839028835296600328e-01
2.740219235420200405e-01
2.659931778907800304e-01
2.635225653648399780e-01
2.517893910408000036e-01
2.357318997383099912e-01
2.400547266006499980e-01
2.666115760803199897e-01
2.820506691932699872e-01
3.061369061470000097e-01
2.974897623062099927e-01
3.172531723976100282e-01
3.011956810951200159e-01
2.820506691932699872e-01
2.795800566673299903e-01
2.906963229179400088e-01
3.351628780365000226e-01
3.147825598716699758e-01
2.727866172790500143e-01
2.567291259765600020e-01
2.808153629303000165e-01
3.018140792846700227e-01
3.011956810951200159e-01
3.030493855476400489e-01
2.869918942451499810e-01
2.981081604957599995e-01
2.783447504043600196e-01
2.931669354438800057e-01
2.937853336334199650e-01
2.894625067710899780e-01
2.795800566673299903e-01
2.795800566673299903e-01
2.876088023185700004e-01
2.882272005081200072e-01
2.771094441413900489e-01
2.771094441413900489e-01
2.968728542327899733e-01
3.172531723976100282e-01
3.123119473457299788e-01
2.937853336334199650e-01
2.734050154686000211e-01
2.752572298049900112e-01
3.191053867340100103e-01
3.166362643241900088e-01
3.221943974494899665e-01
3.166362643241900088e-01
3.191053867340100103e-01
3.042832016944900242e-01
2.832859754562400134e-01
2.721697092056299949e-01
3.011956810951200159e-01
3.431916236877400328e-01
3.401041030883800165e-01
3.123119473457299788e-01
2.851381897926300035e-01
2.937853336334199650e-01
3.246650099754300189e-01
3.357812762260400374e-01
3.123119473457299788e-01
3.178715705871599795e-01
2.962559461593600174e-01
2.554938197135900313e-01
2.264678478241000104e-01
2.382025122642500159e-01
2.480834722518900082e-01
2.622872591018700072e-01
2.684637904167200273e-01
2.746403217315699918e-01
2.709344029426599687e-01
2.709344029426599687e-01
2.672284841537500011e-01
2.666115760803199897e-01
3.123119473457299788e-01
3.036662936210599573e-01
2.944022417068500319e-01
2.672284841537500011e-01
2.845212817192100396e-01
3.141656517982499564e-01
3.333106637000999850e-01
3.419563174247700066e-01
3.228113055229199779e-01
3.135472536087000051e-01
3.382518887519799788e-01
3.524556756019600057e-01
3.333106637000999850e-01
2.950206398963899912e-01
2.783447504043600196e-01
3.265172243118300011e-01
3.221943974494899665e-01
3.086075186729400066e-01
2.832859754562400134e-01
2.622872591018700072e-01
2.690806984901399912e-01
2.616703510284399958e-01
2.832859754562400134e-01
2.974897623062099927e-01
3.240466117858900041e-01
2.950206398963899912e-01
2.517893910408000036e-01
2.684637904167200273e-01
2.777278423309300082e-01
2.789631485938999789e-01
2.480834722518900082e-01
2.357318997383099912e-01
2.585828304290800350e-01
3.030493855476400489e-01
3.049015998840299835e-01
3.055185079574599949e-01
2.993434667587299702e-01
2.801984548568700051e-01
2.950206398963899912e-01
2.882272005081200072e-01
2.857565879821800103e-01
2.684637904167200273e-01
2.696990966796899980e-01
2.925500273704499943e-01
3.036662936210599573e-01
2.956375479698200026e-01
2.795800566673299903e-01
2.894625067710899780e-01
3.172531723976100282e-01
3.320753574371300143e-01
3.184884786605799989e-01
2.900794148445099974e-01
2.727866172790500143e-01
2.962559461593600174e-01
2.789631485938999789e-01
2.622872591018700072e-01
2.493187785148599789e-01
2.659931778907800304e-01
2.746403217315699918e-01
2.913147211074800236e-01
2.962559461593600174e-01
2.894625067710899780e-01
2.647578716278100042e-01
2.616703510284399958e-01
2.604350447654699696e-01
2.721697092056299949e-01
2.530246973037700298e-01
2.585828304290800350e-01
2.758741378784200227e-01
3.086075186729400066e-01
3.086075186729400066e-01
3.030493855476400489e-01
3.067538142204299656e-01
3.147825598716699758e-01
3.049015998840299835e-01
3.382518887519799788e-01
3.475144505500800118e-01
3.252819180488599748e-01
3.011956810951200159e-01
2.851381897926300035e-01
2.956375479698200026e-01
2.869918942451499810e-01
2.981081604957599995e-01
2.814337611198400313e-01
2.746403217315699918e-01
2.925500273704499943e-01
2.869918942451499810e-01
3.110781311988800035e-01
3.055185079574599949e-01
2.764925360679599819e-01
2.573475241661100088e-01
2.548769116401700119e-01
2.888441085815400267e-01
2.857565879821800103e-01
2.820506691932699872e-01
2.968728542327899733e-01
3.104597330093399887e-01
3.154009580612199826e-01
3.086075186729400066e-01
2.690806984901399912e-01
2.511709928512599888e-01
2.400547266006499980e-01
2.184391021728500082e-01
2.314090728759799764e-01
2.517893910408000036e-01
3.024309873580899866e-01
2.906963229179400088e-01
2.709344029426599687e-01
2.542585134506200051e-01
2.530246973037700298e-01
2.721697092056299949e-01
2.727866172790500143e-01
3.018140792846700227e-01
2.734050154686000211e-01
2.480834722518900082e-01
2.431422472000099866e-01
2.499356865882899903e-01
2.246156334876999727e-01
2.252325415611300119e-01
2.703160047531100174e-01
3.271341323852500205e-01
3.419563174247700066e-01
3.061369061470000097e-01
3.104597330093399887e-01
3.271341323852500205e-01
3.215759992599500072e-01
2.869918942451499810e-01
2.690806984901399912e-01
2.758741378784200227e-01
2.771094441413900489e-01
2.542585134506200051e-01
2.462312579154999903e-01
2.703160047531100174e-01
3.110781311988800035e-01
2.999603748321499896e-01
3.265172243118300011e-01
3.450453281402600103e-01
3.308400511741599881e-01
2.925500273704499943e-01
2.431422472000099866e-01
2.394378185272199866e-01
2.493187785148599789e-01
2.863734960555999742e-01
3.024309873580899866e-01
3.252819180488599748e-01
3.308400511741599881e-01
3.394871950149500051e-01
2.974897623062099927e-01
2.659931778907800304e-01
2.635225653648399780e-01
2.653762698173500190e-01
2.869918942451499810e-01
2.845212817192100396e-01
2.814337611198400313e-01
3.024309873580899866e-01
3.623366355895999980e-01
3.462806344032300365e-01
2.869918942451499810e-01
2.474650740623500211e-01
2.629056572914100220e-01
2.913147211074800236e-01
2.740219235420200405e-01
2.369672060012800174e-01
2.740219235420200405e-01
3.234297037124599927e-01
3.086075186729400066e-01
2.709344029426599687e-01
2.561122179031399826e-01
3.116950392723100149e-01
3.092244267463700180e-01
2.906963229179400088e-01
3.030493855476400489e-01
3.376334905624400196e-01
3.635719418525700242e-01
3.468975424766500004e-01
3.011956810951200159e-01
2.913147211074800236e-01
2.839028835296600328e-01
2.536416053771999857e-01
2.573475241661100088e-01
2.839028835296600328e-01
3.036662936210599573e-01
3.123119473457299788e-01
2.808153629303000165e-01
2.789631485938999789e-01
2.647578716278100042e-01
2.554938197135900313e-01
2.591997385024999989e-01
2.622872591018700072e-01
2.480834722518900082e-01
2.301737666130100057e-01
2.388194203376799996e-01
2.431422472000099866e-01
2.653762698173500190e-01
2.869918942451499810e-01
2.950206398963899912e-01
3.067538142204299656e-01
2.944022417068500319e-01
2.925500273704499943e-01
3.184884786605799989e-01
3.258988261222799943e-01
2.931669354438800057e-01
2.795800566673299903e-01
2.993434667587299702e-01
2.900794148445099974e-01
2.703160047531100174e-01
2.493187785148599789e-01
2.616703510284399958e-01
3.209590911865199958e-01
3.283694386482199912e-01
2.857565879821800103e-01
2.425253391265899949e-01
2.505540847778299773e-01
2.487003803253199918e-01
2.394378185272199866e-01
2.641409635543799928e-01
3.030493855476400489e-01
3.370165824890100081e-01
2.993434667587299702e-01
2.839028835296600328e-01
2.801984548568700051e-01
2.857565879821800103e-01
2.801984548568700051e-01
2.641409635543799928e-01
2.591997385024999989e-01
2.622872591018700072e-01
2.808153629303000165e-01
2.764925360679599819e-01
3.073722124099699804e-01
3.079891204833999918e-01
3.141656517982499564e-01
3.024309873580899866e-01
3.203406929969800365e-01
3.147825598716699758e-01
3.055185079574599949e-01
3.314584493637099949e-01
3.376334905624400196e-01
3.172531723976100282e-01
2.740219235420200405e-01
2.449959516525300196e-01
2.709344029426599687e-01
3.147825598716699758e-01
3.184884786605799989e-01
3.345459699630700112e-01
3.221943974494899665e-01
3.018140792846700227e-01
3.055185079574599949e-01
2.678468823432899604e-01
2.777278423309300082e-01
2.795800566673299903e-01
2.517893910408000036e-01
2.524062991142299595e-01
2.431422472000099866e-01
2.295553684234599989e-01
2.344965934753400205e-01
2.548769116401700119e-01
3.246650099754300189e-01
3.265172243118300011e-01
3.042832016944900242e-01
2.764925360679599819e-01
2.931669354438800057e-01
2.981081604957599995e-01
2.678468823432899604e-01
2.746403217315699918e-01
2.795800566673299903e-01
2.913147211074800236e-01
2.882272005081200072e-01
3.116950392723100149e-01
3.067538142204299656e-01
2.832859754562400134e-01
2.406716346740700174e-01
2.771094441413900489e-01
3.493681550025899973e-01
3.382518887519799788e-01
2.888441085815400267e-01
2.499356865882899903e-01
2.857565879821800103e-01
3.104597330093399887e-01
2.795800566673299903e-01
2.524062991142299595e-01
2.900794148445099974e-01
3.160178661346400020e-01
3.191053867340100103e-01
2.839028835296600328e-01
2.968728542327899733e-01
2.783447504043600196e-01
2.715513110160799881e-01
2.906963229179400088e-01
2.956375479698200026e-01
3.104597330093399887e-01
3.067538142204299656e-01
2.591997385024999989e-01
2.536416053771999857e-01
2.690806984901399912e-01
3.011956810951200159e-01
3.456622362136800297e-01
3.382518887519799788e-01
3.024309873580899866e-01
2.795800566673299903e-01
2.727866172790500143e-01
2.801984548568700051e-01
2.703160047531100174e-01
2.468481659889199820e-01
2.480834722518900082e-01
2.721697092056299949e-01
2.894625067710899780e-01
2.851381897926300035e-01
2.845212817192100396e-01
2.974897623062099927e-01
2.839028835296600328e-01
2.449959516525300196e-01
2.493187785148599789e-01
2.573475241661100088e-01
2.764925360679599819e-01
2.845212817192100396e-01
2.863734960555999742e-01
2.919316291809099795e-01
2.882272005081200072e-01
2.771094441413900489e-01
2.703160047531100174e-01
2.808153629303000165e-01
2.832859754562400134e-01
3.030493855476400489e-01
2.987250685691800189e-01
2.906963229179400088e-01
3.098428249359100328e-01
3.036662936210599573e-01
3.067538142204299656e-01
2.974897623062099927e-01
3.116950392723100149e-01
3.049015998840299835e-01
3.104597330093399887e-01
3.092244267463700180e-01
2.925500273704499943e-01
2.931669354438800057e-01
3.036662936210599573e-01
3.116950392723100149e-01
2.888441085815400267e-01
2.690806984901399912e-01
3.036662936210599573e-01
3.123119473457299788e-01
3.036662936210599573e-01
3.067538142204299656e-01
