9.000000000000000222e-01
9.109102366500589909e-01
9.218239116762759755e-01
9.327241456855870361e-01
9.327372268664217980e-01
9.327625552054585878e-01
9.327322073832736704e-01
9.327318804713875533e-01
9.327429021817311705e-01
9.327119865366461093e-01
9.327579352630347431e-01
9.327144535433888883e-01
9.327285772592670554e-01
9.327377032132926349e-01
9.327149787595807595e-01
9.327002423207749748e-01
9.327397170265667725e-01
9.327039253350153380e-01
9.327454141614830441e-01
9.327289841608069620e-01
9.327244631623269333e-01
9.327073612744976039e-01
9.327316421775327937e-01
9.327432205972330248e-01
9.327319294802345340e-01
9.327373852881001293e-01
9.334046447096342458e-01
9.341663724218381981e-01
9.349305390483063638e-01
9.356491754054173660e-01
9.364375402787281644e-01
9.372388881332854860e-01
9.380539513402373908e-01
9.388834372638431569e-01
9.397046495584344683e-01
9.405538625532168240e-01
9.414759186674259706e-01
9.423821029926363613e-01
9.432473044744781321e-01
9.442085414420777756e-01
9.451677479198448140e-01
9.461858833947064396e-01
9.471324212197881343e-01
9.481883016304731848e-01
9.492531205979566344e-01
9.503148276367942016e-01
9.514054028871214985e-01
9.524901497561917285e-01
9.536738178667678589e-01
9.548568805555229799e-01
9.559984278596624918e-01
9.572351980623280410e-01
9.584782873784398749e-01
9.597364328741321282e-01
9.610244020684987065e-01
9.623737039506108371e-01
9.637708798335626881e-01
9.651114687112927193e-01
9.664939977328758092e-01
9.680383421964466883e-01
9.694847570361433409e-01
9.709341045162740436e-01
9.725256316668031698e-01
9.740838869960043445e-01
9.756908271395106080e-01
9.773592217761646328e-01
9.790838175498990381e-01
9.807103530630021382e-01
9.824197661663787162e-01
9.843708649872849881e-01
9.861430168408720220e-01
9.879354708808301133e-01
9.898810734551967139e-01
9.919291540538274221e-01
9.939431949522413712e-01
9.959440297580854917e-01
9.979524164322378654e-01
1.000085693677808862e+00
9.545456466317074895e-01
9.218204004305481369e-01
9.043628876936211647e-01
9.000000000000000222e-01
