9.000000000000000222e-01
9.058999151424258489e-01
9.307730601487674837e-01
9.586869883703276196e-01
9.762717951883106426e-01
9.950707555258282433e-01
1.000311401093082919e+00
1.000269065259879797e+00
1.000135660302042373e+00
1.000176148983949576e+00
1.000319536958415911e+00
1.000144390803343608e+00
1.000310883670735951e+00
1.000303667739439017e+00
1.000151395817366451e+00
1.000000000000000000e+00
1.000153926712287866e+00
1.000196618541894233e+00
1.000184104033005728e+00
1.000079059414632932e+00
1.000233231114866728e+00
1.000294061911218613e+00
1.000114511363572545e+00
1.000260558680471812e+00
1.000199247857053386e+00
1.000142640050018628e+00
1.000120997304736026e+00
1.000290528189116790e+00
1.000200547753928637e+00
1.000177508207661603e+00
1.000254194782984607e+00
1.000373587409360443e+00
1.000341196302363400e+00
1.000361649846144729e+00
9.989856794277909291e-01
9.975187824116640289e-01
9.961890945997863289e-01
9.948668636143043198e-01
9.930612432752261576e-01
9.917072759925568137e-01
9.902784808738521738e-01
9.887966207540623831e-01
9.872158679028796291e-01
9.856100308388406894e-01
9.840078634162470195e-01
9.824223553146013144e-01
9.807747235347900050e-01
9.792117500567174559e-01
9.773330787528805574e-01
9.756283287198527221e-01
9.738628580272585822e-01
9.721418677767668104e-01
9.702348962900927409e-01
9.682466571876710004e-01
9.665129263368263945e-01
9.645804418701073857e-01
9.625985097640222810e-01
9.606753686227842426e-01
9.586644390117420311e-01
9.565846200626615392e-01
9.546426004066532744e-01
9.524172060383766514e-01
9.501773963558644009e-01
9.480183152409126235e-01
9.458400439705543228e-01
9.435954997695066293e-01
9.411350532347336761e-01
9.387617425765842905e-01
9.364260106279200802e-01
9.338827587802124297e-01
9.313847684468615773e-01
9.288348493140509143e-01
9.261688338937604792e-01
9.235467516750783812e-01
9.208109857618715921e-01
9.180196537530687095e-01
9.151159823034239471e-01
9.122636346752466263e-01
9.092961136068302697e-01
9.062713018418320221e-01
9.034209749070688522e-01
9.000000000000000222e-01
