0.000000000000000000e+00
0.000000000000000000e+00
0.000000000000000000e+00
0.000000000000000000e+00
0.000000000000000000e+00
0.000000000000000000e+00
0.000000000000000000e+00
0.000000000000000000e+00
0.000000000000000000e+00
6.996128030474444426e-01
8.202347423122914316e-01
9.426572071029106770e-01
9.028563180018459589e-01
8.771574767894441127e-01
9.411765230752172640e-01
9.827393931468243471e-01
8.714884740255786078e-01
9.723482544248296389e-01
8.554544808899338104e-01
9.017101711146396914e-01
9.144463720600912726e-01
9.626563145006664657e-01
8.942238580103000212e-01
8.616273785368243621e-01
8.934147417918114620e-01
8.780525186433247864e-01
1.000000000000000000e+00
9.033863612351061834e-01
8.462387374675119922e-01
9.508683956067284226e-01
9.163742737477629241e-01
8.929104425528425759e-01
8.789171664097163994e-01
8.730239482819444063e-01
9.282996062656918568e-01
9.593613528019928616e-01
8.687791545006965377e-01
8.583040445303108390e-01
9.773203497411382390e-01
9.327126121143567428e-01
9.358702275817019078e-01
8.629145782513950591e-01
9.747233063798499408e-01
9.142507985746531896e-01
8.813475477346633946e-01
8.972410271841861906e-01
9.024081568446810087e-01
8.593312956777583445e-01
6.355381578211177773e-01
4.576336223962511607e-01
0.000000000000000000e+00
0.000000000000000000e+00
0.000000000000000000e+00
0.000000000000000000e+00
0.000000000000000000e+00
0.000000000000000000e+00
0.000000000000000000e+00
0.000000000000000000e+00
0.000000000000000000e+00
0.000000000000000000e+00
0.000000000000000000e+00
0.000000000000000000e+00
0.000000000000000000e+00
0.000000000000000000e+00
0.000000000000000000e+00
0.000000000000000000e+00
0.000000000000000000e+00
0.000000000000000000e+00
0.000000000000000000e+00
0.000000000000000000e+00
0.000000000000000000e+00
0.000000000000000000e+00
0.000000000000000000e+00
0.000000000000000000e+00
0.000000000000000000e+00
0.000000000000000000e+00
0.000000000000000000e+00
0.000000000000000000e+00
0.000000000000000000e+00
0.000000000000000000e+00
0.000000000000000000e+00
0.000000000000000000e+00
