9.000000000000000222e-01
9.053739248101592141e-01
9.288041994263348533e-01
9.564533634402653250e-01
9.747819706249699623e-01
9.947079813134468429e-01
1.000267733823012817e+00
1.000237491703762638e+00
1.000131848147861380e+00
1.000146992626916642e+00
1.000290879508981545e+00
1.000120633534928416e+00
1.000264712950510226e+00
1.000266124310943194e+00
1.000132047255969603e+00
1.000000000000000000e+00
1.000144100957002680e+00
1.000161052433928388e+00
1.000176322443397936e+00
1.000078034308995445e+00
1.000197652775905555e+00
1.000242329892784499e+00
1.000109044155031102e+00
1.000234377387687168e+00
1.000179710049533099e+00
1.000135032052348105e+00
1.000090783445320763e+00
1.000250744295453353e+00
1.000188468432140043e+00
1.000147112560226592e+00
1.000214449355448343e+00
1.000316402032181307e+00
1.000292981442069573e+00
1.000297387483348732e+00
9.987582484890883405e-01
9.971499126908327515e-01
9.956730603200858454e-01
9.941889299070523212e-01
9.922889330265786123e-01
9.907788921619821165e-01
9.891996857596275783e-01
9.875905798246060741e-01
9.858691319436595490e-01
9.841592315337011065e-01
9.824445224529706477e-01
9.807322736575125877e-01
9.789708638016326736e-01
9.772686055369538272e-01
9.753436098081138539e-01
9.735418983058985454e-01
9.716732467047441979e-01
9.698578359485796607e-01
9.678964537882118746e-01
9.658670191755285295e-01
9.640298960556610286e-01
9.620507557027714318e-01
9.600363940947509445e-01
9.580453953518063281e-01
9.559937895612578007e-01
9.539123650241427832e-01
9.519072918198826505e-01
9.496923912277589475e-01
9.474838940488991001e-01
9.453210457191187910e-01
9.431455807182049789e-01
9.409265156758939153e-01
9.385558707087930941e-01
9.362289330334752080e-01
9.339355011718003530e-01
9.315148753239660406e-01
9.291050361905166532e-01
9.266578144194129729e-01
9.241403053834965631e-01
9.216551834472461735e-01
9.190868732087028592e-01
9.164786554570311106e-01
9.137941245377292354e-01
9.111472855206191879e-01
9.084246056508207268e-01
9.056614350881905251e-01
9.030239950572351848e-01
9.000000000000000222e-01
