5.000000000000000000e-01
5.000000000000000000e-01
5.000000000000000000e-01
5.000000000000000000e-01
5.000000000000000000e-01
5.000000000000000000e-01
5.000000000000000000e-01
5.000000000000000000e-01
5.000000000000000000e-01
7.902601577482313289e-01
1.185725031060203660e+00
1.131550004544216392e+00
1.141890850633884069e+00
1.144102212489668702e+00
1.096851463515674308e+00
1.068798662969496327e+00
1.122009532937177534e+00
1.068013230464524677e+00
1.124197696486749498e+00
1.092510509267413221e+00
1.075156495835112747e+00
1.043391677827273156e+00
1.063323262287915405e+00
1.082069343597212852e+00
1.082407276872398239e+00
1.106571365621620728e+00
1.062903083198079690e+00
1.122073198238578318e+00
1.165021692991574431e+00
1.113058330187921996e+00
1.141135128204501248e+00
1.150975567403436095e+00
1.150312224817811479e+00
1.144799576603981350e+00
1.105698558211294813e+00
1.091386560941204564e+00
1.144736202784356838e+00
1.155470402531602492e+00
1.092540551979614527e+00
1.089259375132148211e+00
1.060439110291141684e+00
1.067287412653851852e+00
1.000000000000000000e+00
1.040237274891258501e+00
1.075229312947103999e+00
1.089763641280215634e+00
1.109293462621602888e+00
9.753580763775583362e-01
8.249565062219496037e-01
6.369868249874425237e-01
5.000000000000000000e-01
5.000000000000000000e-01
5.000000000000000000e-01
5.000000000000000000e-01
5.000000000000000000e-01
5.000000000000000000e-01
5.000000000000000000e-01
5.000000000000000000e-01
5.000000000000000000e-01
5.000000000000000000e-01
5.000000000000000000e-01
5.000000000000000000e-01
5.000000000000000000e-01
5.000000000000000000e-01
5.000000000000000000e-01
5.000000000000000000e-01
5.000000000000000000e-01
5.000000000000000000e-01
5.000000000000000000e-01
5.000000000000000000e-01
5.000000000000000000e-01
5.000000000000000000e-01
5.000000000000000000e-01
5.000000000000000000e-01
5.000000000000000000e-01
5.000000000000000000e-01
5.000000000000000000e-01
5.000000000000000000e-01
5.000000000000000000e-01
5.000000000000000000e-01
5.000000000000000000e-01
5.000000000000000000e-01
