4.314501138514049705e-01
4.242952119364401531e-01
4.002303630150030322e-01
3.968584132896624816e-01
3.999110198803846883e-01
3.915571755928938802e-01
4.391848343271552157e-01
4.497265297705306808e-01
4.193544055635886614e-01
6.806481501619791041e-01
8.645776202940608224e-01
8.958514736777216658e-01
8.894743160042216656e-01
8.881371545576081106e-01
9.188646845689345533e-01
9.395228334307932361e-01
9.019231004699886922e-01
9.401305930771163277e-01
9.005141342352054323e-01
9.219334443689494174e-01
9.346643075585997495e-01
9.600732955639172950e-01
9.437949162344808629e-01
9.295020906873218136e-01
9.292528784024337574e-01
9.121526569982367771e-01
9.441261870154433744e-01
9.018819661542784027e-01
8.759275864752391616e-01
9.077915390585543642e-01
8.899333993757679862e-01
8.840389908905210703e-01
8.844307249030092244e-01
8.877173761755480230e-01
9.127465661108424833e-01
9.227353418415861208e-01
8.877554865390686611e-01
8.814054746551986952e-01
9.219120516980258140e-01
9.242613873456569928e-01
9.460787896657103513e-01
9.406937196622504604e-01
1.000000000000000000e+00
9.627596273328626886e-01
9.346092842855334704e-01
9.238986307418312061e-01
9.103113119322282509e-01
8.207354622521398912e-01
6.346668634313273882e-01
4.649986048262922389e-01
3.906464670630004354e-01
3.969968443465506369e-01
4.151775272269074835e-01
4.399457895236335569e-01
4.562201934264246694e-01
4.381593355522321320e-01
4.107850872157029487e-01
4.278424669622239995e-01
4.388237874886621870e-01
3.867372363924445611e-01
3.980190782058557475e-01
4.222295850484275026e-01
3.963166530483109296e-01
4.018987456551120774e-01
4.008623086269031410e-01
3.884959720272098682e-01
3.688381198974705621e-01
4.054219687821870033e-01
4.222611437477490348e-01
3.587503958790634329e-01
3.881919399187925279e-01
4.273980081137858655e-01
4.240978890261667966e-01
3.995052238006315259e-01
4.000572282791713397e-01
4.193130588921457624e-01
4.503674500527666269e-01
4.536996945646127877e-01
4.363933571031966552e-01
4.177915764871816262e-01
4.114282348959198421e-01
3.811868116642532223e-01
