5.000000000000000000e-01
5.000000000000000000e-01
5.000000000000000000e-01
5.000000000000000000e-01
5.000000000000000000e-01
5.000000000000000000e-01
5.000000000000000000e-01
5.000000000000000000e-01
5.000000000000000000e-01
7.780169940730305989e-01
1.280677318753257632e+00
1.064771105018694541e+00
1.120568646508987687e+00
1.162853092899355456e+00
1.066666599250062131e+00
1.017877769142330635e+00
1.172968389277096346e+00
1.029270506788303230e+00
1.203324935935783824e+00
1.122339233548196979e+00
1.103214352576723734e+00
1.040357911833147408e+00
1.134157458814855080e+00
1.191319338185957033e+00
1.135461698413670284e+00
1.161283783790536095e+00
1.000000000000000000e+00
1.119753229223067859e+00
1.222045146734795917e+00
1.054485527120564425e+00
1.100421341476655268e+00
1.136277311378349086e+00
1.159774806110736023e+00
1.170198257113082896e+00
1.083703548503649028e+00
1.044233855275505274e+00
1.177912503862871496e+00
1.197731448518023267e+00
1.023757263095069980e+00
1.077750666379769129e+00
1.073565213176067790e+00
1.188867339539118717e+00
1.026622553896611167e+00
1.103499138348545294e+00
1.155569968877698805e+00
1.129340835643555252e+00
1.121259772565925683e+00
9.354155745144547840e-01
8.242221229318567044e-01
6.398078840154490798e-01
5.000000000000000000e-01
5.000000000000000000e-01
5.000000000000000000e-01
5.000000000000000000e-01
5.000000000000000000e-01
5.000000000000000000e-01
5.000000000000000000e-01
5.000000000000000000e-01
5.000000000000000000e-01
5.000000000000000000e-01
5.000000000000000000e-01
5.000000000000000000e-01
5.000000000000000000e-01
5.000000000000000000e-01
5.000000000000000000e-01
5.000000000000000000e-01
5.000000000000000000e-01
5.000000000000000000e-01
5.000000000000000000e-01
5.000000000000000000e-01
5.000000000000000000e-01
5.000000000000000000e-01
5.000000000000000000e-01
5.000000000000000000e-01
5.000000000000000000e-01
5.000000000000000000e-01
5.000000000000000000e-01
5.000000000000000000e-01
5.000000000000000000e-01
5.000000000000000000e-01
5.000000000000000000e-01
5.000000000000000000e-01
