0.000000000000000000e+00
9.040000000000000258e-01
9.230000000000000426e-01
9.489999999999999547e-01
9.689999999999999725e-01
9.929999999999999938e-01
1.000000000000000000e+00
1.000000000000000000e+00
1.000000000000000000e+00
1.000000000000000000e+00
1.000000000000000000e+00
1.000000000000000000e+00
1.000000000000000000e+00
1.000000000000000000e+00
1.000000000000000000e+00
1.000000000000000000e+00
1.000000000000000000e+00
1.000000000000000000e+00
1.000000000000000000e+00
1.000000000000000000e+00
1.000000000000000000e+00
1.000000000000000000e+00
1.000000000000000000e+00
1.000000000000000000e+00
1.000000000000000000e+00
1.000000000000000000e+00
1.000000000000000000e+00
1.000000000000000000e+00
1.000000000000000000e+00
1.000000000000000000e+00
1.000000000000000000e+00
1.000000000000000000e+00
1.000000000000000000e+00
1.000000000000000000e+00
9.979166666666666741e-01
9.958333333333333481e-01
9.937500000000000222e-01
9.916666666666666963e-01
9.895833333333333703e-01
9.875000000000000444e-01
9.854166666666667185e-01
9.833333333333333925e-01
9.812499999999999556e-01
9.791666666666666297e-01
9.770833333333333037e-01
9.749999999999999778e-01
9.729166666666666519e-01
9.708333333333333259e-01
9.687500000000000000e-01
9.666666666666666741e-01
9.645833333333333481e-01
9.625000000000000222e-01
9.604166666666666963e-01
9.583333333333333703e-01
9.562500000000000444e-01
9.541666666666667185e-01
9.520833333333333925e-01
9.499999999999999556e-01
9.479166666666666297e-01
9.458333333333333037e-01
9.437499999999999778e-01
9.416666666666666519e-01
9.395833333333333259e-01
9.375000000000000000e-01
9.354166666666666741e-01
9.333333333333333481e-01
9.312500000000000222e-01
9.291666666666666963e-01
9.270833333333333703e-01
9.250000000000000444e-01
9.229166666666666075e-01
9.208333333333333925e-01
9.187499999999999556e-01
9.166666666666666297e-01
9.145833333333333037e-01
9.124999999999999778e-01
9.104166666666666519e-01
9.083333333333333259e-01
9.062500000000000000e-01
9.041666666666666741e-01
9.020833333333333481e-01
0.000000000000000000e+00
