0.000000000000000000e+00
0.000000000000000000e+00
4.896944646491487030e-02
3.898487255560891818e-01
2.899800690853044371e-01
4.465135302436444853e-01
4.489886259798738788e-01
4.914097955864328293e-01
6.361818813346026280e-01
6.972840268772476646e-01
3.255120458765428659e-01
7.553861365984613219e-01
4.648253913947424931e-01
4.483731036595957065e-01
7.668917375906910694e-01
1.000000000000000000e+00
6.360826486795155832e-01
7.266762884969439895e-01
5.416238260107393288e-01
7.676739504671290515e-01
6.121753893979098304e-01
5.983350397190925207e-01
6.907081307520759328e-01
4.544689761934987970e-01
5.873428530220210497e-01
6.655311417705964683e-01
8.935509739070527369e-01
4.825173507502587555e-01
5.170757666898884164e-01
7.357942587802278611e-01
5.685664570595745371e-01
3.694814903432613318e-01
3.866156841460326454e-01
4.641735413878687599e-01
5.646707240149990703e-01
6.802596114463250743e-01
3.822355501349375961e-01
2.269193149302451140e-01
8.828112984516012229e-01
6.207734925785844959e-01
5.009499090883807737e-01
3.097418186737928569e-01
5.393353752038059223e-01
4.483474916321343318e-01
3.782957240398712173e-01
3.451061160511336712e-01
3.510162077451038365e-01
2.688327815537992493e-01
3.601444501274707055e-01
2.666817543278384162e-01
4.239429824000262026e-01
2.430324461158955285e-01
3.684508288948718513e-01
6.177001569210166521e-01
3.967406458260286928e-01
3.377569065616598531e-01
2.715159860584560048e-01
2.995155833292408309e-01
3.441337263919762579e-01
1.305298107019709775e-01
0.000000000000000000e+00
2.618763726135286407e-01
2.685472404217382758e-01
2.096828941351293052e-01
5.847309430092249155e-02
0.000000000000000000e+00
5.918260975408286967e-02
2.679471365482788969e-01
1.129705641240500713e-01
0.000000000000000000e+00
0.000000000000000000e+00
1.194977630997372392e-01
1.752326244871185434e-01
0.000000000000000000e+00
0.000000000000000000e+00
0.000000000000000000e+00
3.061548778856824637e-01
0.000000000000000000e+00
0.000000000000000000e+00
2.815297563717191615e-02
8.840610089166903163e-02
0.000000000000000000e+00
