3.949966331181476997e-01
3.970943836250295234e-01
3.970706025245466786e-01
3.986976840502680086e-01
3.988397257427249154e-01
3.996263038350799657e-01
3.972595407944680690e-01
3.969620617534058149e-01
4.003660220698636030e-01
3.999037441490924105e-01
3.992363307689035801e-01
4.000601305974494371e-01
3.979150688937761471e-01
3.984631069851974905e-01
4.030469242349505876e-01
4.037360928969291329e-01
4.035893302844649755e-01
4.028070330788675046e-01
4.014981297581301511e-01
4.030115486663012891e-01
4.007575598219924595e-01
3.996247270470612567e-01
4.021769210398644101e-01
4.006032045242321482e-01
4.118660126682013867e-01
4.039021394024229217e-01
4.031727183172549855e-01
4.306662676791289668e-01
5.466307084715970044e-01
5.685662180862912640e-01
5.637010500051148343e-01
5.815618988915411958e-01
5.967891365109427859e-01
6.237027293362013003e-01
6.329083490787125177e-01
6.450024409566601502e-01
6.530686357758749283e-01
6.579064478956666573e-01
6.688522704287775955e-01
6.782037792432447088e-01
6.869500250458722146e-01
6.967731178893595834e-01
7.074584729002408867e-01
7.301133277108909914e-01
7.442594510592825952e-01
7.529477364703075493e-01
7.692111428969021780e-01
7.752239535164098250e-01
7.926804508213189937e-01
8.270306750422738995e-01
8.537672752763780792e-01
8.687520093244588404e-01
9.055987537194613024e-01
9.425801070317428865e-01
9.754209116756075160e-01
1.000000000000000000e+00
8.405247729659214295e-01
5.313313833665389563e-01
4.409901915702924002e-01
4.455469384396418264e-01
4.358262614977893579e-01
4.281727678970060902e-01
4.201220657755169174e-01
4.215130064444649882e-01
4.181870797107772320e-01
4.068875418077074757e-01
4.083957844256843051e-01
4.099602146788024482e-01
4.028624477785967550e-01
4.053135828915842565e-01
4.064499132708449536e-01
4.028795762890793886e-01
4.008291299174200906e-01
4.047408694660845629e-01
4.053602622185891180e-01
4.036319103670192865e-01
4.122460632682534154e-01
4.129133534374714865e-01
4.106265398504444497e-01
4.104069514597993296e-01
4.103741838884849558e-01
4.029431175445436497e-01
