9.985269713554038029e-01
9.988822848311236235e-01
9.987249100633119880e-01
9.990826545420669058e-01
9.986834398826726078e-01
9.979113696763945995e-01
9.988365879621194932e-01
9.988465639105904570e-01
9.985103384457834075e-01
9.994540167272185638e-01
9.980521078833345383e-01
9.993786476003841956e-01
9.989473749556392335e-01
9.986689086332308785e-01
9.993626032724539643e-01
9.998129683096131926e-01
9.986074807136477993e-01
9.997003724862593144e-01
9.984337403078022977e-01
9.989349555898794364e-01
9.990729619306875087e-01
9.995953530091016281e-01
9.988538357424383562e-01
9.985006283083982526e-01
9.988450683581077127e-01
9.986786070866122689e-01
1.000000000000000000e+00
9.989531183737436759e-01
9.983338807788106894e-01
9.994676220193613458e-01
9.990938521991822308e-01
9.988396038955932310e-01
9.986879761971373393e-01
9.986241187350195503e-01
9.992230721691536255e-01
9.995596496145742194e-01
9.985781231936690094e-01
9.984646174785215544e-01
9.997542488881543399e-01
9.992708904150926497e-01
9.993051055596395837e-01
9.985145760879016175e-01
9.997261079650685556e-01
9.990708427445031958e-01
9.987143112113900933e-01
9.988865290454940205e-01
9.989425187915713655e-01
9.995593239229689786e-01
9.987597196315510795e-01
9.984573529491761468e-01
9.993598867415768305e-01
9.990142388579775767e-01
9.990272709036851495e-01
9.992400300401286239e-01
9.994077130202685399e-01
9.990375579387565930e-01
9.983850326170758960e-01
9.990796181615865246e-01
9.995678225752130386e-01
9.981093149565550826e-01
9.985720570049604339e-01
9.994267798539245851e-01
9.987382276368619305e-01
9.989794468157443541e-01
9.990200005323378596e-01
9.987170459985230675e-01
9.981689347765544396e-01
9.993084238167110334e-01
9.998492792723367995e-01
9.979540265136670474e-01
9.986655750409046961e-01
9.995699322681441679e-01
9.991855555632905839e-01
9.981556157425042208e-01
9.979833884151471102e-01
9.984074286615569616e-01
9.991891863674629004e-01
9.991437969338079483e-01
9.989836756948596852e-01
9.988856206142006089e-01
9.991586195530938186e-01
9.987076652039941216e-01
