9.000000000000000222e-01
9.048825104599287350e-01
9.268453646701783066e-01
9.540890034062063929e-01
9.730947550321430439e-01
9.942792444053571987e-01
1.000217867186482312e+00
1.000199215427199473e+00
1.000129242123411366e+00
1.000114060617097289e+00
1.000257941043225518e+00
1.000095618788363172e+00
1.000212339841438425e+00
1.000222544748269549e+00
1.000108373494577929e+00
1.000000000000000000e+00
1.000134766726795243e+00
1.000118939584906164e+00
1.000166391731522220e+00
1.000078747146927238e+00
1.000159028923516047e+00
1.000180892175937641e+00
1.000103845985989892e+00
1.000204342325222484e+00
1.000156531919135450e+00
1.000127447704191708e+00
1.000057401107011135e+00
1.000204137899028289e+00
1.000175587038168779e+00
1.000113330209770446e+00
1.000170886478600529e+00
1.000251856326207056e+00
1.000239484379641386e+00
1.000234629315401857e+00
9.985143907866684820e-01
9.967513694576562999e-01
9.951153966814849650e-01
9.934528580954251620e-01
9.914549424998695404e-01
9.897783513286619872e-01
9.880391983836952496e-01
9.862977507202635996e-01
9.844284436393146986e-01
9.826123172151605134e-01
9.807835187686541056e-01
9.789427732347631972e-01
9.770688170438746045e-01
9.752250453482260717e-01
9.732588955528403973e-01
9.713639032615123403e-01
9.693967290458034292e-01
9.674920322210848189e-01
9.654821510783587746e-01
9.634201899836479788e-01
9.614877285473740764e-01
9.594706389549829684e-01
9.574336523458280013e-01
9.553865578934049863e-01
9.533049667595101528e-01
9.512335655345722785e-01
9.491798345393642755e-01
9.469859827554881759e-01
9.448188532565275910e-01
9.426659707961395629e-01
9.405073687850216135e-01
9.383258264334515264e-01
9.360512589314098353e-01
9.337830502689772327e-01
9.315443335858246687e-01
9.292501588836631354e-01
9.269366935696646825e-01
9.245992533924656254e-01
9.222304356963340055e-01
9.198846065867388733e-01
9.174816358865635069e-01
9.150516914454414064e-01
9.125753248938298645e-01
9.101255473220568604e-01
9.076315739891208656e-01
9.051118059106976199e-01
9.026722635445637577e-01
9.000000000000000222e-01
