9.011769866701131448e-01
9.014120800661622468e-01
9.013918808768359714e-01
9.013598253490167078e-01
9.015873322589450511e-01
9.014696002903341832e-01
9.014981552150764799e-01
9.012009169375081452e-01
9.015162285069882042e-01
9.015864768846505450e-01
9.017470945813402805e-01
9.015921299102389597e-01
9.015635781531828874e-01
9.014844206192960119e-01
9.020732016452772672e-01
9.017853420974450973e-01
9.020939970757408943e-01
9.022003624470362748e-01
9.017647586172784502e-01
9.018655063576787034e-01
9.018856654165235964e-01
9.018199603602484737e-01
9.018113593334730060e-01
9.014589324562155559e-01
9.038049816130813152e-01
9.021998467613741024e-01
9.013414004738204977e-01
9.031140838109584790e-01
9.244184479912135322e-01
9.287902448583639226e-01
9.274803509270583834e-01
9.307579832302778078e-01
9.327268019646666186e-01
9.374159330866638218e-01
9.388639760548123103e-01
9.407201976990228198e-01
9.422672556662903265e-01
9.432647928679525062e-01
9.441703934616660909e-01
9.459992565014216925e-01
9.475757603604942902e-01
9.492512561561442519e-01
9.506251364444829877e-01
9.543944494391579658e-01
9.567447970009134162e-01
9.580954405432806631e-01
9.609219232715847658e-01
9.620349444421056884e-01
9.639269910422132437e-01
9.697425857259096560e-01
9.742506848711206535e-01
9.765030311876297109e-01
9.821775535682353286e-01
9.877258186592606792e-01
9.935267913978080845e-01
1.000096336924832796e+00
9.765930722361295668e-01
9.233989776677445915e-01
9.078158580716891857e-01
9.091089038654445176e-01
9.080512364730277675e-01
9.065501838112429711e-01
9.047598468310168451e-01
9.052863712719722011e-01
9.051501271131143778e-01
9.033144646943295220e-01
9.029724570092649838e-01
9.034222527389311752e-01
9.026309333251862910e-01
9.025342691538552620e-01
9.029553425450448367e-01
9.025560338100721003e-01
9.018424614133765393e-01
9.028125487772595825e-01
9.028677578893082867e-01
9.024722814371681778e-01
9.033905872750700450e-01
9.040844605282247759e-01
9.036805388087825186e-01
9.034213821133832978e-01
9.033893395993195519e-01
9.024004753305636672e-01
