0.000000000000000000e+00
5.145410258677062254e-01
6.200576097065670922e-01
7.521380768657085492e-01
8.578614573076696059e-01
9.681925249882552542e-01
9.965724593357747629e-01
9.971601911298865195e-01
9.986959145654463743e-01
9.979852001142555107e-01
9.967157143077083337e-01
9.983171145398450630e-01
9.965312118889416704e-01
9.967425618085848926e-01
9.983858727507599617e-01
1.000000000000000000e+00
9.984438612736429297e-01
9.977423744639145609e-01
9.982503900511549011e-01
9.992398658072366713e-01
9.973532949828776140e-01
9.966457620979548571e-01
9.988743545745405461e-01
9.972831474418843989e-01
9.979400306226848816e-01
9.985873864046241888e-01
9.984514751214449424e-01
9.968317127065527972e-01
9.980060374241146448e-01
9.979414830896566890e-01
9.971026816207816390e-01
9.957991573827775778e-01
9.961926772593319157e-01
9.956038748860503995e-01
9.845354758162958575e-01
9.743679404843034186e-01
9.626482959759560254e-01
9.504730852695153498e-01
9.433504674688633074e-01
9.309921058441253949e-01
9.191506515754611639e-01
9.078625627668457376e-01
8.970210329505863278e-01
8.866947758023295822e-01
8.759012322243668880e-01
8.644170049991495297e-01
8.533805566429429890e-01
8.408563065238440215e-01
8.324961976222453597e-01
8.212849956110203076e-01
8.101606238438897600e-01
7.983929213219989052e-01
7.887805729870337457e-01
7.797893736646653862e-01
7.666652004701121070e-01
7.561663691592109826e-01
7.459748345933653324e-01
7.339168558255430019e-01
7.228258667621743072e-01
7.127189483301239470e-01
6.991312815708098372e-01
6.897264092713496497e-01
6.803879098107475931e-01
6.685165513610140664e-01
6.562085994860917815e-01
6.444595755982991392e-01
6.364413243886889449e-01
6.250872714751033454e-01
6.119963654130945452e-01
6.033748829734288943e-01
5.917207422450802001e-01
5.799522095453608639e-01
5.705946874260697799e-01
5.582048122989393679e-01
5.474883275020472340e-01
5.366468445061863823e-01
5.286138534798078270e-01
5.148050352371855709e-01
5.039117597125313264e-01
4.913185838962264573e-01
4.307142649393189693e-01
0.000000000000000000e+00
