9.000000000000000222e-01
9.040044758634159239e-01
9.230293645109362011e-01
9.490449911999115917e-01
9.690909624055709104e-01
9.931946491702547952e-01
1.000116476714199454e+00
1.000115476804054326e+00
1.000149188395639044e+00
1.000054628153336012e+00
1.000195169380564408e+00
1.000062173871846039e+00
1.000105373423140209e+00
1.000133286553257284e+00
1.000063780326125862e+00
1.000018706667778368e+00
1.000139446110032804e+00
1.000029971731729583e+00
1.000156871670994985e+00
1.000106617993910429e+00
1.000092789826632966e+00
1.000040481079636834e+00
1.000114747945750171e+00
1.000150162318289349e+00
1.000115626705129657e+00
1.000132314130292910e+00
1.000000000000000000e+00
1.000104797873593965e+00
1.000166889980723672e+00
1.000053266155792375e+00
1.000090696964937020e+00
1.000116174418783643e+00
1.000131374747081470e+00
1.000137777692243546e+00
9.979928000002094013e-01
9.958755521696841528e-01
9.938834907580061939e-01
9.918076264917204954e-01
9.896053539486935335e-01
9.875638436376875662e-01
9.854760635079822251e-01
9.834573028065614064e-01
9.812722598246268468e-01
9.792402933601699333e-01
9.771825660932355051e-01
9.750836034115584194e-01
9.729938562980325889e-01
9.708645616503619458e-01
9.688353751644712686e-01
9.667696686991699151e-01
9.646247004609199704e-01
9.625616708641178132e-01
9.604754929382617323e-01
9.583776986306190571e-01
9.562833358870217459e-01
9.542188491676177886e-01
9.521675822771569209e-01
9.500460614860759545e-01
9.479373841218874386e-01
9.459201538814697718e-01
9.438125618407752215e-01
9.416905645381612455e-01
9.396333415884083884e-01
9.375383098416404382e-01
9.354514090286426553e-01
9.333761534028954809e-01
9.313073257554298490e-01
9.291868515980971077e-01
9.270874159683786253e-01
9.250512542018964890e-01
9.229472881006517415e-01
9.208422969327018093e-01
9.187652832805711656e-01
9.166974632049419425e-01
9.146128016784853543e-01
9.125199388958445956e-01
9.104251194956746174e-01
9.083404744731506941e-01
9.062563584891942803e-01
9.041713150942193300e-01
9.020850876853419020e-01
9.000000000000000222e-01
