4.849212453062438088e-01
4.868014527407646952e-01
4.866990446857352159e-01
4.881269573446070376e-01
4.881727767868146439e-01
4.888844632007669500e-01
4.869464119287080783e-01
4.865105497995113049e-01
4.895051249523535986e-01
4.892141696152123020e-01
4.885027341325388628e-01
4.894224734558378920e-01
4.874768364740039717e-01
4.877680373626073207e-01
4.918511934219795823e-01
4.924387215813038621e-01
4.922761373575391675e-01
4.917456472663044309e-01
4.903699668567718661e-01
4.918348064758853444e-01
4.899758165381883357e-01
4.889506321878548389e-01
4.910533583957295001e-01
4.893273983457309684e-01
4.995416488954217971e-01
4.924988692840797100e-01
4.908859032443723125e-01
5.113120850440764364e-01
6.126115300540158071e-01
6.321545674307081919e-01
6.273050631848747782e-01
6.425024439378340668e-01
6.550217846669879052e-01
6.783427434390213451e-01
6.861596072589912776e-01
6.965224406187153772e-01
7.033313847052807821e-01
7.073040292537320362e-01
7.166778220824151502e-01
7.245983051813437159e-01
7.320014162966358429e-01
7.402162030753814959e-01
7.491075477143458450e-01
7.684457090145300207e-01
7.804769215284643735e-01
7.877232752732511445e-01
8.017455471851474558e-01
8.066651702749827457e-01
8.208864724736272267e-01
8.502032570377429099e-01
8.732009814796738434e-01
8.854610575254873162e-01
9.166378210281019845e-01
9.480367715600761525e-01
9.761920560403334335e-01
1.000000000000000000e+00
8.670565117604408512e-01
6.011033572464913322e-01
5.234167703720693510e-01
5.278951780467767696e-01
5.197262325348280809e-01
5.133153346624261815e-01
5.061949474941747074e-01
5.075622323158258675e-01
5.049015038008199951e-01
4.950690661957934391e-01
4.962184658330992537e-01
4.978456394388270922e-01
4.917871079090928021e-01
4.936203749371749772e-01
4.947619577088688270e-01
4.918663959581813239e-01
4.899585689928927512e-01
4.932210268888550520e-01
4.937197949221965865e-01
4.921642501375903533e-01
4.996364320603776665e-01
5.002801118049930995e-01
4.982881883686649527e-01
4.980665500150763259e-01
4.981448475010502586e-01
4.916996609831491560e-01
