5.194624984057577555e-02
6.739014458100229810e-01
7.416452118879083288e-01
8.301757761194036300e-01
8.994140621197355134e-01
9.767692329539300333e-01
9.975968296926213119e-01
9.978676388469684966e-01
9.988149291631971405e-01
9.986790081184185874e-01
9.973896773129815596e-01
9.989156063280644204e-01
9.976238733603428610e-01
9.976112382771867848e-01
9.988131419098129626e-01
1.000000000000000000e+00
9.987049575555316805e-01
9.985528587508494258e-01
9.984158911488505428e-01
9.992982388335188704e-01
9.982246340768804460e-01
9.978243033283520358e-01
9.990196715955450557e-01
9.978955358988009783e-01
9.983855109532677741e-01
9.987863503449035951e-01
9.991836900663958465e-01
9.977489457310870780e-01
9.983069749285469197e-01
9.986779318862106791e-01
9.980740859113137464e-01
9.971613632148437212e-01
9.973708698846995846e-01
9.973314485877488034e-01
9.902471944780906199e-01
9.836364986792416332e-01
9.756597007842452429e-01
9.675657779678858983e-01
9.631983742264875747e-01
9.549924106749586583e-01
9.472470570467438344e-01
9.395897955029205439e-01
9.328365753479234135e-01
9.257761080975607237e-01
9.185582783737882284e-01
9.110968537360002450e-01
9.039193534910598959e-01
8.958773412714787776e-01
8.899875297332326962e-01
8.825281195547761692e-01
8.755553859800375704e-01
8.677067350240275090e-01
8.612685074654653494e-01
8.553938449088335227e-01
8.468962936624446769e-01
8.398138267676137358e-01
8.328597391584517950e-01
8.252552933313708206e-01
8.180913652878556430e-01
8.109639296543741382e-01
8.023139438988751149e-01
7.963093609198644840e-01
7.898377240813461153e-01
7.821871418009332944e-01
7.741945315002376482e-01
7.663544445751659939e-01
7.607108961738673347e-01
7.537256807492859201e-01
7.453576819749002658e-01
7.389485645653022239e-01
7.315569124644129007e-01
7.241918197044323602e-01
7.177883813262179169e-01
7.093414729799584206e-01
7.022287038707948348e-01
6.952013301743538154e-01
6.900538538152828361e-01
6.811428694421224339e-01
6.739370387935575968e-01
6.665428913490508700e-01
6.221240293370944308e-01
4.872910561488408981e-03
