0.000000000000000000e+00
8.173919081280462962e-01
8.538666921399692411e-01
9.034860140015673613e-01
9.412284793260556892e-01
9.855780383462605654e-01
9.985503731883356160e-01
9.986264008487734101e-01
9.988450623353847257e-01
9.993066770651559683e-01
9.980238839003551243e-01
9.993730307072636876e-01
9.986234846928577769e-01
9.984524003511557888e-01
9.992837501679341372e-01
1.000000000000000000e+00
9.988616719869496396e-01
9.993763232561079235e-01
9.986175350020249919e-01
9.992644987012421209e-01
9.989423590797830155e-01
9.990287030072130259e-01
9.991070197853267887e-01
9.984714952412658828e-01
9.988392339874576642e-01
9.989197746010552992e-01
9.998123221679310335e-01
9.986551746108043304e-01
9.985438076356588644e-01
9.993174741151588103e-01
9.988907563532958278e-01
9.983905700820853157e-01
9.983851145593871657e-01
9.984308699040760349e-01
9.948324953734846154e-01
9.912742100270542922e-01
9.864768252869218212e-01
9.820690879778554150e-01
9.799168740975238157e-01
9.753010763703050534e-01
9.711375381345933588e-01
9.665638666615434804e-01
9.634257156013087409e-01
9.591442027742135279e-01
9.549747499642389226e-01
9.510014754331425069e-01
9.470906631645992224e-01
9.431116093093120378e-01
9.392065981746442471e-01
9.349723318402242134e-01
9.315968369687582795e-01
9.271802583074031379e-01
9.234935068696878968e-01
9.201693159735985228e-01
9.157867316727011930e-01
9.116501077081521354e-01
9.074175473626767685e-01
9.036875703465122589e-01
8.999878969196684064e-01
8.952597637885850723e-01
8.909901048534953905e-01
8.879413801841083975e-01
8.838669678951905917e-01
8.798666864098828588e-01
8.756231095701806355e-01
8.712276552360358473e-01
8.675416140491891692e-01
8.643052816491488821e-01
8.601724069831365727e-01
8.554680537328945844e-01
8.518165442717793301e-01
8.482911149736372947e-01
8.444043567402291783e-01
8.393839366433603066e-01
8.353556091405082151e-01
8.316760903826450058e-01
8.289291130840087396e-01
8.242920133477152911e-01
8.202289204940172995e-01
8.164491842782479747e-01
7.963444877079726147e-01
0.000000000000000000e+00
