9.021865352027945706e-01
9.026153177845811504e-01
9.025779362251974414e-01
9.025119136311032797e-01
9.029320894922985286e-01
9.027078974061281125e-01
9.027742733954285947e-01
9.022245086980887896e-01
9.027922080993289189e-01
9.029265095311221900e-01
9.032240228715751051e-01
9.029354952757393526e-01
9.028929737499191699e-01
9.027436557200709810e-01
9.038072089278486043e-01
9.032742182925201924e-01
9.038393113093322606e-01
9.040440184745518470e-01
9.032455366718522560e-01
9.034229915183236148e-01
9.034737835279943452e-01
9.033611085204019675e-01
9.033283078507218233e-01
9.026873321191001276e-01
9.068998287033628314e-01
9.040327108481694962e-01
9.024660892311240357e-01
9.055091192674974421e-01
9.372980757229364412e-01
9.429206152629677762e-01
9.411934994103892116e-01
9.451960765815691223e-01
9.472660852964437384e-01
9.524635676389685557e-01
9.539919805561736244e-01
9.558568359711454576e-01
9.574573424341525918e-01
9.585426844847514394e-01
9.590966605027960723e-01
9.609595633689359540e-01
9.625142601032945500e-01
9.640489823463904706e-01
9.652117198823553235e-01
9.684909596340408600e-01
9.704673925730675776e-01
9.715749114382351559e-01
9.739271603910055752e-01
9.749429659688839678e-01
9.759048752212478028e-01
9.802895800787645442e-01
9.835832567914845059e-01
9.850210291931652540e-01
9.885372028973162806e-01
9.916960561248004957e-01
9.953011081556515371e-01
1.000000000000000000e+00
9.870523136511261120e-01
9.364181300148777254e-01
9.136368768556378805e-01
9.157718937450884944e-01
9.141410138667614982e-01
9.116261793847684203e-01
9.085323218091521102e-01
9.094625840933445726e-01
9.092656577715575450e-01
9.060582359151512222e-01
9.054136948068934876e-01
9.062251963412757405e-01
9.048399290735884559e-01
9.046349339485793006e-01
9.054009799671648429e-01
9.046993403373687626e-01
9.033943965964980061e-01
9.051520285801414323e-01
9.052475017327706874e-01
9.045365086989676229e-01
9.061442074878907071e-01
9.074020019428645778e-01
9.066903400015740022e-01
9.062181720303258414e-01
9.061602578883815040e-01
9.044096172345343909e-01
