9.026858055320374774e-01
9.032082468979858447e-01
9.031618831468811726e-01
9.030772710478327525e-01
9.035914464317195138e-01
9.033149450151899407e-01
9.034029724392678151e-01
9.027278443487903870e-01
9.034162362913457089e-01
9.035826880713472287e-01
9.039480537029032092e-01
9.035938218755470430e-01
9.035466833302877587e-01
9.033608696207741096e-01
9.046503945861681384e-01
9.039967733010204620e-01
9.046873754344275653e-01
9.049418288040482761e-01
9.039671046788231301e-01
9.041809193554662949e-01
9.042507837545399330e-01
9.041158342808561788e-01
9.040671491461998999e-01
9.032846852211833255e-01
9.083823038986396092e-01
9.049221317323108416e-01
9.030043960558314931e-01
9.065482533320496916e-01
9.420102706572828222e-01
9.479767380177953617e-01
9.460794544238555481e-01
9.501962136546988624e-01
9.521453683789843359e-01
9.573525714655541918e-01
9.588316775461031005e-01
9.606189464126245747e-01
9.621850328786861750e-01
9.632471403062520254e-01
9.636210134288835105e-01
9.654328626169209615e-01
9.669188927706989789e-01
9.683456265562694343e-01
9.693466355685603775e-01
9.723760445545509556e-01
9.741791387879018549e-01
9.751567149760561604e-01
9.773226057965656022e-01
9.782467293353348525e-01
9.788424141316717231e-01
9.827460462733857982e-01
9.856668986830028345e-01
9.868140075357462182e-01
9.897240478190850732e-01
9.922813203092109013e-01
9.953844359553252197e-01
1.000000000000000000e+00
9.900751955772418844e-01
9.414204828023891025e-01
9.162317497573035929e-01
9.187476573896140586e-01
9.169144314327322132e-01
9.139739519583496286e-01
9.103003952486649064e-01
9.114188199831977366e-01
9.112108986381562969e-01
9.073819586298776940e-01
9.065863920332219994e-01
9.075709521889986364e-01
9.059152782301822526e-01
9.056511005328858888e-01
9.065830700265746778e-01
9.057439409128931196e-01
9.041526663600808478e-01
9.062861771162055158e-01
9.063994738414432595e-01
9.055376657414656583e-01
9.074574856007000534e-01
9.089837966610370135e-01
9.081315160821610277e-01
9.075574759236154643e-01
9.074887745196807964e-01
9.053867400452630942e-01
