9.000000000000000222e-01
9.136707658577236657e-01
9.730978286319307280e-01
9.867644130348187659e-01
1.055497703052061143e+00
1.089807011357136979e+00
1.082113253870969016e+00
1.074362313860080187e+00
1.052497720343282817e+00
1.030167593637987267e+00
1.148510599032817492e+00
1.024364804234156212e+00
1.075937710970514605e+00
1.088006986236382367e+00
1.024995015262193832e+00
1.000000000000000000e+00
1.050938054273903299e+00
1.024762887151085877e+00
1.072561767497629548e+00
1.028553226719604252e+00
1.046875099630067307e+00
1.042489949816209460e+00
1.038966211857086153e+00
1.089611065812189583e+00
1.055729454255554201e+00
1.045983833802417884e+00
1.006065215219402287e+00
1.072928703371861747e+00
1.079028535790070631e+00
1.026063147859811453e+00
1.053034371667804114e+00
1.101797150447717977e+00
1.101976485896686286e+00
1.083568108101984340e+00
1.048977551714113998e+00
1.025191931885756524e+00
1.090273654673050041e+00
1.148513880349937955e+00
9.971110570222293523e-01
1.023380326459446099e+00
1.035417396453629069e+00
1.088183742603109572e+00
1.017860029366404628e+00
1.036194651940812728e+00
1.051248410093503782e+00
1.049900968640448129e+00
1.042260856488672616e+00
1.042530908630990405e+00
1.035680042260877176e+00
1.058343992963352465e+00
1.008125044950998639e+00
1.039651874994460545e+00
1.013223742022132612e+00
9.802447313069588830e-01
9.960067477627704280e-01
1.004137578092714200e+00
1.021150220916247076e+00
9.998294436644421523e-01
9.844113400878213849e-01
1.042846111689621935e+00
1.098665600893666161e+00
9.824570678841175742e-01
9.855420105554839605e-01
9.847971841085461087e-01
1.003113842563293501e+00
1.067992588243461771e+00
1.010373845608087739e+00
9.569522759247164334e-01
9.610711103127395072e-01
1.020831898794690273e+00
9.768767020116894129e-01
9.480146120313929226e-01
9.419754179989815457e-01
1.066666100401207906e+00
1.105126475004762243e+00
9.779602586949690535e-01
9.192022774953733100e-01
9.259915165770272738e-01
9.221917553026429681e-01
9.124719283829521022e-01
9.053348575179523960e-01
9.000000000000000222e-01
