9.000000000000000222e-01
9.064595918522628804e-01
9.327342143620966919e-01
9.607780264080272303e-01
9.775794192837670149e-01
9.953773206424431086e-01
1.000349402380436237e+00
1.000295091122555879e+00
1.000140197442252576e+00
1.000201833338381086e+00
1.000344494996706635e+00
1.000166665697249213e+00
1.000351430330377989e+00
1.000335834716393313e+00
1.000167075597025779e+00
1.000000000000000000e+00
1.000163741103376802e+00
1.000226499492549381e+00
1.000190141424902368e+00
1.000081349848944257e+00
1.000265654953961025e+00
1.000337560123337077e+00
1.000119968420967398e+00
1.000283241623790342e+00
1.000215661575124981e+00
1.000150074721080529e+00
1.000148135149128148e+00
1.000324429365059498e+00
1.000211746906975563e+00
1.000204794700896738e+00
1.000290294649343270e+00
1.000424191133362672e+00
1.000384925459993024e+00
1.000426404657234203e+00
9.991974769135789636e-01
9.978598279306124530e-01
9.966658601734414979e-01
9.954904974459232170e-01
9.937752668848628401e-01
9.925670477493996335e-01
9.912791993980858418e-01
9.899189454018998413e-01
9.884714356552971593e-01
9.869667911331778676e-01
9.854747263165111182e-01
9.840132562975728581e-01
9.824793066895858296e-01
9.810524075405123723e-01
9.792241986795073849e-01
9.776188340317515379e-01
9.759598031396032880e-01
9.743370515145911570e-01
9.724894796552343568e-01
9.705500554395101176e-01
9.689263883267101862e-01
9.670483889301143554e-01
9.651079722614767098e-01
9.632634512159657936e-01
9.613033158155737112e-01
9.592365206195143656e-01
9.573714128808780144e-01
9.551461905736668978e-01
9.528855297850020722e-01
9.507443464027182101e-01
9.485779705101234915e-01
9.463208886842795486e-01
9.437780534112730768e-01
9.413721683628522019e-01
9.390082040955340936e-01
9.363477187458815187e-01
9.337717543892577465e-01
9.311283755372103954e-01
9.283157058372824011e-01
9.255610989924740739e-01
9.226575178674878419e-01
9.196797456644533186e-01
9.165466364043299841e-01
9.134815952994600474e-01
9.102530625235399908e-01
9.069477676841584124e-01
9.038689478394773547e-01
9.000000000000000222e-01
