9.000000000000000222e-01
9.069844619288816023e-01
9.407940179210912968e-01
9.678653561379175763e-01
1.011315155678661926e+00
1.063437371668335851e+00
1.045320111758763382e+00
1.043274143357189043e+00
1.041647953356309886e+00
1.016854175241080238e+00
1.086210139650136686e+00
1.015551660581701210e+00
1.041128168751455751e+00
1.051326318009101923e+00
1.016738601075410031e+00
1.000000000000000000e+00
1.039086470167791765e+00
1.011865969660662001e+00
1.051576060135337887e+00
1.023906598439337179e+00
1.029004561912113758e+00
1.019876325982419729e+00
1.029575784449275222e+00
1.055426568176918600e+00
1.036690807489131227e+00
1.036000430669686834e+00
1.000706134561990535e+00
1.040349335551149057e+00
1.055943347940206278e+00
1.015290610743517563e+00
1.030752243113279398e+00
1.050729976978284741e+00
1.054472322824651309e+00
1.050426093192216026e+00
1.025935128715914413e+00
1.010918851516086958e+00
1.047108616093711753e+00
1.063026088905175026e+00
9.935689102482900825e-01
1.008270330293894901e+00
1.010259306360850484e+00
1.037542239719203341e+00
9.962429604665702376e-01
1.008839282116222202e+00
1.017139189570488877e+00
1.011811145879186746e+00
1.006692296950898458e+00
9.962620828752141167e-01
1.003928409871648997e+00
1.012983552277077592e+00
9.844350621444413196e-01
9.949043875083677380e-01
9.864007392538555186e-01
9.716269907516940085e-01
9.736794030461726202e-01
9.779125262006771457e-01
9.886723683189444500e-01
9.723814601962994519e-01
9.621268623229539685e-01
9.899159059001730876e-01
9.862141320580957160e-01
9.572629435252920649e-01
9.619704985521772000e-01
9.573529382529532006e-01
9.578977975484284091e-01
9.651459411531434496e-01
9.629363423962078450e-01
9.405038142109994892e-01
9.365504986803387943e-01
9.568282033112991414e-01
9.413527101187062485e-01
9.293798881598855921e-01
9.277008729838457368e-01
9.407096218244701546e-01
9.384854562517098708e-01
9.270354851082890368e-01
9.144203957673759930e-01
9.135906671659375089e-01
9.108047130007013159e-01
9.070193447937938691e-01
9.032294643739756657e-01
9.000000000000000222e-01
