4.376545359775938504e-01
4.396515889902372631e-01
4.395878855697215593e-01
4.411221229891498230e-01
4.412185090147742739e-01
4.419797713561237629e-01
4.398062009732441324e-01
4.394373303874321568e-01
4.426574541384081796e-01
4.422725069648146268e-01
4.415868846185777574e-01
4.424582261169526798e-01
4.404002428321964202e-01
4.408215955446601608e-01
4.451737305994425964e-01
4.458157404132916946e-01
4.456663291370888680e-01
4.449984339159885338e-01
4.436580651905213113e-01
4.451554311992689805e-01
4.430852285856371475e-01
4.419946828238305869e-01
4.443380324418101379e-01
4.426778469859039000e-01
4.534707167847531473e-01
4.459217391404144415e-01
4.446846656028261013e-01
4.687040605787675118e-01
5.778547657588190001e-01
5.986838104608631639e-01
5.937912198673056530e-01
6.103836757007211622e-01
6.243092846136282237e-01
6.495402257343971808e-01
6.580802961331448930e-01
6.693555264007291505e-01
6.768280715166744566e-01
6.812451404156103507e-01
6.914446115600312304e-01
7.001158067632610171e-01
7.082198041798111188e-01
7.172757024376772428e-01
7.270892194272231546e-01
7.481799678263026943e-01
7.613244045132137039e-01
7.693185918990390615e-01
7.845255812852902633e-01
7.899963279871524691e-01
8.058971924383270258e-01
8.378650659877117102e-01
8.628292026684585281e-01
8.764940265816395515e-01
9.106418529125679395e-01
9.449730980172331707e-01
9.756111438314990503e-01
1.000000000000000000e+00
8.532675177989387238e-01
5.644285750023637638e-01
4.800475089803005191e-01
4.846127651069806475e-01
4.756253262919776792e-01
4.685618434899319062e-01
4.609481527704222814e-01
4.623342211618834963e-01
4.593291184795209592e-01
4.487152145703277584e-01
4.500571562299782169e-01
4.516560628689685886e-01
4.450409418395713246e-01
4.472076450559614447e-01
4.483478536057778907e-01
4.450953248631626114e-01
4.431103382851035999e-01
4.467166544785610149e-01
4.472788168855687529e-01
4.456242884357956568e-01
4.537029195893809708e-01
4.543576629397679811e-01
4.522098636520665016e-01
4.519908727632952483e-01
4.520148892201683033e-01
4.450460811137581518e-01
