3.564732130595169024e-01
3.586583329267070686e-01
3.586745398488223047e-01
3.603828915984036985e-01
3.605648091866153759e-01
3.613593743638933709e-01
3.588350632589332734e-01
3.586098768145646321e-01
3.621638617801302695e-01
3.616376942387998783e-01
3.609821926802505576e-01
3.617607351411762928e-01
3.595496503871498661e-01
3.602191924523677202e-01
3.650028189910744514e-01
3.657323271831736666e-01
3.655807258485166966e-01
3.647031956883710624e-01
3.634215897350615010e-01
3.649386224195592665e-01
3.625253707830979333e-01
3.613680497036987904e-01
3.641033054087626786e-01
3.626279755718606057e-01
3.742729057496017586e-01
3.659787873848962536e-01
3.658636315493950519e-01
3.966787226148227319e-01
5.185627080501673536e-01
5.414544108957488611e-01
5.366713403276667238e-01
5.556874110714693504e-01
5.721161706936798153e-01
6.005150000200828453e-01
6.103326568494338300e-01
6.231622144240915873e-01
6.317609205221901281e-01
6.369957106601569219e-01
6.486168846873178184e-01
6.585856791623355688e-01
6.679207517226620761e-01
6.784453009955725422e-01
6.899516355484763830e-01
7.140041636601928143e-01
7.290530493635530851e-01
7.383845641594594111e-01
7.555924766540200732e-01
7.621351689759486847e-01
7.810310127174985295e-01
8.175243545106202214e-01
8.458614877238990193e-01
8.620846333408382911e-01
9.013845900083949925e-01
9.407616644068416134e-01
9.755491286422323105e-01
1.000000000000000000e+00
8.287591294377368856e-01
5.014460822764299497e-01
4.057912379889741517e-01
4.102658474228177421e-01
3.998869455465202116e-01
3.916997639972520928e-01
3.832612803944754343e-01
3.846458430042137278e-01
3.810218360553549455e-01
3.691198910537961675e-01
3.707717100811499522e-01
3.722973986457419060e-01
3.647805165562985619e-01
3.674743693969224623e-01
3.686047766257987690e-01
3.647512595144000724e-01
3.626453549284323064e-01
3.668286419245033736e-01
3.675000311428054944e-01
3.657182706248796600e-01
3.748059842451090806e-01
3.754868338922799920e-01
3.730758897407915331e-01
3.728530184331155795e-01
3.727623215623487307e-01
3.649226279344586765e-01
