9.013049791139562394e-01
9.015649320625453988e-01
9.015426361644044428e-01
9.015065268433968271e-01
9.017587117580670997e-01
9.016274072274489404e-01
9.016602638163543348e-01
9.013311229417826365e-01
9.016790478012380872e-01
9.017573461701272608e-01
9.019353193707995153e-01
9.017633465635221945e-01
9.017326422892047999e-01
9.016448756380894825e-01
9.022951848030034139e-01
9.019761913619671612e-01
9.023175435613712825e-01
9.024361840307337790e-01
9.019541227071998790e-01
9.020648472000735163e-01
9.020882433902412956e-01
9.020164560440064871e-01
9.020053120486783982e-01
9.016161923361727393e-01
9.042047710868352794e-01
9.024345565320219809e-01
9.014860115898595261e-01
9.034401426997542561e-01
9.263673203268329992e-01
9.309569684511088683e-01
9.295870791552153234e-01
9.330131956706061436e-01
9.350416501798460844e-01
9.398597357420225284e-01
9.413435120132411793e-01
9.432266317034941894e-01
9.447984605913815059e-01
9.458263863113864911e-01
9.466965852366264755e-01
9.485514914397511488e-01
9.501451868248097510e-01
9.518181505497324002e-01
9.531904929011064675e-01
9.569150257758186617e-01
9.592245268039877315e-01
9.605557719334052447e-01
9.633184256321358774e-01
9.644371301654993678e-01
9.662072039099207643e-01
9.718037698047058415e-01
9.761090883956573538e-01
9.782436524726046967e-01
9.835360714843039975e-01
9.886269878696045676e-01
9.939917379920026885e-01
1.000000000000000000e+00
9.784046769106006236e-01
9.253149859694789203e-01
9.085993351430234899e-01
9.100053517156493355e-01
9.088612394607666900e-01
9.072192283277064062e-01
9.052532189388567962e-01
9.058328102334356480e-01
9.056858153232585362e-01
9.036673069088492216e-01
9.032872116882619817e-01
9.037837717568050211e-01
9.029135263864328520e-01
9.028040271473507516e-01
9.032695621406194864e-01
9.028300700203198970e-01
9.020405907954613944e-01
9.031125976079568130e-01
9.031732169859414405e-01
9.027369169219549017e-01
9.037471015431624011e-01
9.045140444391531753e-01
9.040693044342977824e-01
9.037826334147195384e-01
9.037470161849257000e-01
9.026576565611006409e-01
