0.000000000000000000e+00
0.000000000000000000e+00
0.000000000000000000e+00
1.907196949536809627e-01
8.662634238502232853e-02
3.386596391317363564e-01
2.793194119041583767e-01
3.508711302533236154e-01
5.710338724078783956e-01
5.843717859411373672e-01
1.694287273741498234e-01
6.706978496474998996e-01
2.929515281341254496e-01
3.009690283333419369e-01
7.113243029283183860e-01
1.000000000000000000e+00
5.643838786352266546e-01
6.181045761672822048e-01
4.521753479764242245e-01
7.273999079866372286e-01
4.923816017694111480e-01
4.475703261019677859e-01
6.213557572576691168e-01
3.149376623867390923e-01
4.845300324482998966e-01
6.074149953251825051e-01
8.264572373663160443e-01
3.235164005447905833e-01
4.175326676049864183e-01
6.432773804800805406e-01
4.247986034760676821e-01
1.613387355645984622e-01
2.003287170130017836e-01
3.156163017026710760e-01
4.193336305581707446e-01
5.557547637402705520e-01
1.964641887451182289e-01
0.000000000000000000e+00
8.388425981368479167e-01
4.958299836639448177e-01
3.204835956721512336e-01
1.058843484559810061e-01
3.483137133970632404e-01
2.662482118588077595e-01
1.908434110913203030e-01
1.312544678679116728e-01
1.309061915848806490e-01
0.000000000000000000e+00
1.637503171248455847e-01
0.000000000000000000e+00
2.113817985335282867e-01
0.000000000000000000e+00
1.674265144010063378e-01
5.024870567019601442e-01
1.761676028898203072e-01
1.194668407526395665e-01
7.165161290933086402e-02
6.027545795997682476e-02
8.997399547726310509e-02
0.000000000000000000e+00
0.000000000000000000e+00
0.000000000000000000e+00
4.443073375875827152e-02
0.000000000000000000e+00
0.000000000000000000e+00
0.000000000000000000e+00
0.000000000000000000e+00
0.000000000000000000e+00
0.000000000000000000e+00
0.000000000000000000e+00
0.000000000000000000e+00
0.000000000000000000e+00
0.000000000000000000e+00
0.000000000000000000e+00
0.000000000000000000e+00
0.000000000000000000e+00
7.660089387890900436e-02
0.000000000000000000e+00
0.000000000000000000e+00
0.000000000000000000e+00
0.000000000000000000e+00
0.000000000000000000e+00
