0.000000000000000000e+00
8.313913557007385213e-01
8.519738542892906219e-01
8.725477876737025573e-01
8.719814000611963989e-01
8.718801681609553711e-01
8.720235195897562130e-01
8.720996837012477965e-01
8.723187376317419472e-01
8.727811808470403721e-01
8.714960853822850684e-01
8.728476535777053291e-01
8.720967623115456480e-01
8.719253709152980925e-01
8.727582128016457830e-01
8.734757481269628254e-01
8.723353770935685647e-01
8.728509520358691542e-01
8.720908019424729041e-01
8.727389267832802444e-01
8.724162089999972780e-01
8.725027078936570257e-01
8.725811652312308597e-01
8.719445000760653874e-01
8.723128988233561643e-01
8.724301890485084421e-01
8.746772107259482842e-01
8.749002231721633160e-01
8.762008999223396266e-01
8.784188944974282709e-01
8.794656936121828528e-01
8.804709368329326491e-01
8.820045238828119194e-01
8.837150384595188202e-01
8.856850058002723181e-01
8.877300327308683681e-01
8.885694072478294014e-01
8.898356045893542898e-01
8.933984926839402263e-01
8.945314201327082548e-01
8.961563057394362763e-01
8.974100230734126660e-01
9.001425005302265969e-01
9.017708953029182073e-01
9.035538231835685830e-01
9.055766323677395535e-01
9.077062202900882948e-01
9.098127322195918021e-01
9.120394658636967744e-01
9.139833683906736228e-01
9.168358262547979809e-01
9.186945888529631787e-01
9.213349190287528634e-01
9.243897675395528202e-01
9.264366729206024997e-01
9.287835558337760311e-01
9.310892683007638837e-01
9.339546136626580841e-01
9.369074952108021881e-01
9.388883612105560772e-01
9.413880732425764508e-01
9.451720933991095697e-01
9.479911284775625058e-01
9.509481586414199050e-01
9.537263609689943245e-01
9.564187192747614086e-01
9.598896758301301846e-01
9.638809116533528787e-01
9.670450426050527515e-01
9.697089381745400694e-01
9.735013969782221332e-01
9.774955866757543133e-01
9.812055277143399978e-01
9.838590173829075969e-01
9.875868494352434412e-01
9.917463236228954981e-01
9.969239958894042797e-01
1.000000000000000000e+00
9.135732882650923203e-01
8.516862731210875781e-01
8.023150145172672776e-01
0.000000000000000000e+00
