9.011752529350338659e-01
9.014105017628525340e-01
9.013901061035368700e-01
9.013585779194090986e-01
9.015852424406000099e-01
9.014665308386042852e-01
9.014964122432645999e-01
9.011995317565720809e-01
9.015139698396739121e-01
9.015856106948088033e-01
9.017436914295782202e-01
9.015911406364987002e-01
9.015619322916600398e-01
9.014824447198249713e-01
9.020718801933329534e-01
9.017850081818947761e-01
9.020910811444273758e-01
9.021997031579069848e-01
9.017619945469896869e-01
9.018635195105604296e-01
9.018839173328964121e-01
9.018192239187652337e-01
9.018092832181474616e-01
9.014567449741908156e-01
9.038005871194195739e-01
9.021969398994531542e-01
9.013414004738204977e-01
9.031108237338342226e-01
9.243777639456637329e-01
9.287749175659441025e-01
9.274554496675001536e-01
9.307222917863579026e-01
9.326838636214973555e-01
9.373644532053181377e-01
9.388337815501980321e-01
9.407022665442714704e-01
9.422071568357911486e-01
9.431983648611876880e-01
9.441595385383622085e-01
9.459657180026078693e-01
9.475427002291239020e-01
9.491780971625490837e-01
9.506112706228434517e-01
9.543439084418028351e-01
9.566718408515973993e-01
9.580307529576463921e-01
9.608574994825437310e-01
9.620076071261500772e-01
9.638477036502095530e-01
9.696349975317226644e-01
9.742031560232875531e-01
9.764276174722380519e-01
9.820976170708155539e-01
9.876591496723745589e-01
9.934713966970071253e-01
1.000000000000000000e+00
9.764693769227102971e-01
9.233774416736617585e-01
9.078124802342751876e-01
9.090916817971439468e-01
9.080397397663046988e-01
9.065464291139218034e-01
9.047538409878327359e-01
9.052809762489373302e-01
9.051450799912851286e-01
9.033102123885872192e-01
9.029670142466071914e-01
9.034198859904437606e-01
9.026305367890010700e-01
9.025290841063592362e-01
9.029513988621900022e-01
9.025549345424088710e-01
9.018409608309285730e-01
9.028073613565713584e-01
9.028619747355262071e-01
9.024683441526107908e-01
9.033878381406851288e-01
9.040809634005967377e-01
9.036767981877351641e-01
9.034175693956851827e-01
9.033864878752527749e-01
9.023973731127670206e-01
