7.281170023619820686e-01
7.936986821441665008e-01
7.646513694648547910e-01
8.306817495454582589e-01
7.569970464710573665e-01
6.144928508873990225e-01
7.852642217736394148e-01
7.871055238993757142e-01
7.250469973463873341e-01
8.992256060948887741e-01
6.404694846245827522e-01
8.853144142058213539e-01
8.057126360036921398e-01
7.543149535788884474e-01
8.823530461504346389e-01
9.654787862936489162e-01
7.429769480511571045e-01
9.446965088496592777e-01
7.109089617798676208e-01
8.034203422292794938e-01
8.288927441201826563e-01
9.253126290013328203e-01
7.884477160205998203e-01
7.232547570736487241e-01
7.868294835836228129e-01
7.561050372866495728e-01
1.000000000000000000e+00
8.067727224702123667e-01
6.924774749350236513e-01
9.017367912134568453e-01
8.327485474955260703e-01
7.858208851056852629e-01
7.578343328194325768e-01
7.460478965638889237e-01
8.565992125313836025e-01
9.187227056039855011e-01
7.375583090013931864e-01
7.166080890606215670e-01
9.546406994822761449e-01
8.654252242287131525e-01
8.717404551634037047e-01
7.258291565027904513e-01
9.494466127596998817e-01
8.285015971493063791e-01
7.626950954693266782e-01
7.944820543683723812e-01
8.048163136893622394e-01
9.186625913555165335e-01
7.710763156422354436e-01
7.152672447925023658e-01
8.818516447956630255e-01
8.180539833822465523e-01
8.204593620321094516e-01
8.597291970101033076e-01
8.906791391314058393e-01
8.223580827000877003e-01
7.019187815744433179e-01
8.301213122247150800e-01
9.202312227982759607e-01
6.510284310580777278e-01
7.364386474276746197e-01
8.941983835866217367e-01
7.671094491711016872e-01
8.116322720523112544e-01
8.191174394815056159e-01
7.631998664568635515e-01
6.620327081571841799e-01
8.723529196139978570e-01
9.721808510692703242e-01
6.223662000106210401e-01
7.536996586368007733e-01
9.206206175600890607e-01
8.496746172082426662e-01
6.595743588803218982e-01
6.277856477722367767e-01
7.060525122598884096e-01
8.503447697716820519e-01
8.419670540168252559e-01
8.124128137849861986e-01
7.943143814421899096e-01
8.447029262478495948e-01
7.614684143591270438e-01
