9.017797521655407378e-01
9.021311702390893972e-01
9.021008785802180352e-01
9.020491154441275805e-01
9.023921444571422201e-01
9.022107092872198031e-01
9.022608215290984779e-01
9.018130102689625449e-01
9.022803642522866374e-01
9.023887017574963032e-01
9.026310306165066244e-01
9.023961784324147084e-01
9.023584899005383519e-01
9.022380482816247937e-01
9.031132100314807065e-01
9.026788351485511841e-01
9.031410177303457187e-01
9.033057040082125289e-01
9.026524206400530215e-01
9.027995022190529184e-01
9.028365967172804485e-01
9.027425448528109131e-01
9.027207135781287750e-01
9.021956878064714136e-01
9.056688176223484099e-01
9.032994476249771587e-01
9.020179568082922206e-01
9.045928493343321497e-01
9.327410611111048855e-01
9.379732307902313160e-01
9.364001232959056065e-01
9.402161966166324714e-01
9.423272260324624394e-01
9.474337906321872449e-01
9.489736876819097056e-01
9.508779331618582020e-01
9.524875992304484562e-01
9.535704011631389587e-01
9.542774073848767635e-01
9.561624744046386404e-01
9.577579905627833234e-01
9.593733024205784998e-01
9.606584127648937210e-01
9.641555228400318089e-01
9.662879892137070659e-01
9.675072225932463965e-01
9.700386440411838951e-01
9.711206745446125943e-01
9.724355263499161461e-01
9.773168634197006988e-01
9.810088600826706307e-01
9.827388395985887648e-01
9.869294545763837023e-01
9.907892824298567547e-01
9.950118278772518421e-01
1.000000000000000000e+00
9.837671248934859447e-01
9.317099717343387821e-01
9.113885294040315888e-01
9.131971143962810400e-01
9.117683744311811944e-01
9.096357220543587196e-01
9.070448817396212782e-01
9.078164371429583435e-01
9.076374455821154541e-01
9.049635599508848438e-01
9.044414574571182364e-01
9.051091682012029072e-01
9.039554084006746759e-01
9.037959791431058321e-01
9.044245877711564185e-01
9.038407606188059162e-01
9.027720765604233533e-01
9.042168792932392396e-01
9.042968048483841503e-01
9.037111812177701653e-01
9.050507555196820597e-01
9.060847524604378478e-01
9.054932048559872770e-01
9.051057432868250263e-01
9.050576039382776106e-01
9.036054479866123534e-01
