8.986742742198634559e-01
9.098920984610704421e-01
9.206485032830992177e-01
9.318685154270378579e-01
9.315092222335829009e-01
9.308143590479328600e-01
9.316470555050850866e-01
9.316560338587089873e-01
9.313534309403825873e-01
9.322027413936743168e-01
9.309410234341787271e-01
9.321349091795233521e-01
9.317467637992529195e-01
9.314961441090853222e-01
9.321204692843861883e-01
9.325257978178295160e-01
9.314408589814605621e-01
9.324244615768110256e-01
9.312844926161996106e-01
9.317355863700690355e-01
9.318597920767963672e-01
9.323299440473691302e-01
9.316625785073721078e-01
9.313446918167360700e-01
9.316546878614745397e-01
9.315048727171286735e-01
9.334046447096342458e-01
9.331884108106832665e-01
9.333728333067210503e-01
9.351510563868288273e-01
9.355889894610014412e-01
9.361513197785971130e-01
9.368232022277096505e-01
9.375916451325113643e-01
9.389745668634167375e-01
9.401396892973278296e-01
9.401372558949535607e-01
9.409351859831474041e-01
9.430155004006580688e-01
9.435201099443609740e-01
9.445109561066072912e-01
9.447803962582219661e-01
9.468730091935907422e-01
9.473072855904360878e-01
9.480326765032508485e-01
9.492566796785842920e-01
9.503993095519709389e-01
9.520704101335865088e-01
9.524909949525639519e-01
9.533838734047751506e-01
9.553864805909577651e-01
9.562915928003020705e-01
9.575459476601207998e-01
9.590070620157536974e-01
9.604551998279493574e-01
9.614474750192941732e-01
9.622144212980193734e-01
9.642231976434463281e-01
9.660763008458636003e-01
9.662080865813746922e-01
9.681003880685359331e-01
9.703775455270535755e-01
9.712985257023225572e-01
9.730897825833985104e-01
9.747346506483111073e-01
9.761053148517064848e-01
9.772910512207451106e-01
9.800321171401188414e-01
9.822716951443514199e-01
9.823568682968023547e-01
9.848270829859619990e-01
9.875105917136485223e-01
9.890748703219172100e-01
9.900996555375394248e-01
9.919387975906149846e-01
9.943579178415993258e-01
9.971432630083713056e-01
9.992294172404271313e-01
9.535755186906698100e-01
9.207931427788990097e-01
9.036019744430081602e-01
8.988368986835947316e-01
