0.000000000000000000e+00
1.089804211305920867e-01
2.179608422611841734e-01
3.269412633917762045e-01
3.269412633917762045e-01
3.269412633917762045e-01
3.269412633917762045e-01
3.269412633917762045e-01
3.269412633917762045e-01
3.269412633917762045e-01
3.269412633917762045e-01
3.269412633917762045e-01
3.269412633917762045e-01
3.269412633917762045e-01
3.269412633917762045e-01
3.269412633917762045e-01
3.269412633917762045e-01
3.269412633917762045e-01
3.269412633917762045e-01
3.269412633917762045e-01
3.269412633917762045e-01
3.269412633917762045e-01
3.269412633917762045e-01
3.269412633917762045e-01
3.269412633917762045e-01
3.269412633917761490e-01
3.340464470963424026e-01
3.413060427431389710e-01
3.487234060579144646e-01
3.563019656940359936e-01
3.640452248173743355e-01
3.719567627256314402e-01
3.800402365028597851e-01
3.882993827099380790e-01
3.967380191117851895e-01
4.053600464421102667e-01
4.141694502065147998e-01
4.231703025247799954e-01
4.323667640131924617e-01
4.417630857077753936e-01
4.513636110293176018e-01
4.611727777911057702e-01
4.711951202502902558e-01
4.814352712038320603e-01
4.918979641299978112e-01
5.025880353763966246e-01
5.135104263955660997e-01
5.246701860291442809e-01
5.360724728416803586e-01
5.477225575051661854e-01
5.596258252353869533e-01
5.717877782812222920e-01
5.842140384680420961e-01
5.969103497963793581e-01
6.098825810970759376e-01
6.231367287441321734e-01
6.366789194265114471e-01
6.505154129801845597e-01
6.646526052817181007e-01
6.790970312047504009e-01
6.938553676407153148e-01
7.089344365852152663e-01
7.243412082914683081e-01
7.400828044922852511e-01
7.561665016920693372e-01
7.725997345303577957e-01
7.893900992184613719e-01
8.065453570507888914e-01
8.240734379924827824e-01
8.419824443450204532e-01
8.602806544914777254e-01
8.789765267231872681e-01
8.980787031495562900e-01
9.175960136928562605e-01
9.375374801698261873e-01
9.579123204619807153e-01
9.787299527765463969e-01
1.000000000000000000e+00
5.449021056529603779e-01
2.179608422611841734e-01
4.359216845223683190e-02
0.000000000000000000e+00
