7.318523147704829590e-01
7.330164631088493810e-01
7.328137843456049572e-01
7.336183522190273809e-01
7.334717207681541451e-01
7.335212130547902332e-01
7.331168272453937318e-01
7.325898786005958785e-01
7.340296169338090815e-01
7.343757319791985871e-01
7.334562616722394290e-01
7.345234762090653291e-01
7.333876978592408502e-01
7.331909511872317653e-01
7.356747739903017891e-01
7.359699343074518341e-01
7.355520625018258096e-01
7.359043993268230555e-01
7.343724296994956768e-01
7.354246505756641961e-01
7.347445604226603422e-01
7.343798478474037328e-01
7.350020853453078651e-01
7.335243455487984177e-01
7.397571992231237736e-01
7.357734203471677503e-01
7.345065653217990320e-01
7.406755305693086822e-01
7.963882995129440978e-01
8.081556071001939623e-01
8.046428819291525647e-01
8.126302436472306878e-01
8.184326981456417904e-01
8.310412972306501223e-01
8.352986964923062585e-01
8.408254832888096830e-01
8.440424758463725974e-01
8.460209052983913569e-01
8.510896966903088723e-01
8.551164156267525573e-01
8.590073067094227133e-01
8.628961446639120680e-01
8.676537292840970084e-01
8.775303235243112621e-01
8.836654612655328034e-01
8.873355831442190089e-01
8.948997624505106163e-01
8.976151771469200735e-01
9.037259360405799358e-01
9.190060242624691345e-01
9.316273099176397565e-01
9.373653906668540925e-01
9.532849514809774716e-01
9.694321977884691188e-01
9.843521226305984584e-01
1.000000000000000000e+00
9.341328819872781741e-01
7.926181846194663150e-01
7.513360005567352173e-01
7.538835966880127470e-01
7.501118946815730215e-01
7.470902027036114834e-01
7.426907904572670471e-01
7.437727104396115729e-01
7.427304818096925887e-01
7.373155179442929530e-01
7.373406059252480826e-01
7.389602058411577357e-01
7.361473662509742111e-01
7.359590462415210865e-01
7.370696835323129470e-01
7.361089419134516643e-01
7.346719519718110103e-01
7.360580666518372617e-01
7.362137468599442292e-01
7.354401204733732600e-01
7.395420735534750101e-01
7.401701578305400764e-01
7.390210872774922723e-01
7.387423865507680709e-01
7.389704347928580663e-01
7.354357609327423217e-01
