5.757260300054999752e-02
7.413256093449477335e-01
7.940828388557890083e-01
8.643228424049648195e-01
9.185821618485733309e-01
9.807881927026128599e-01
9.980434579847011767e-01
9.982106258645317975e-01
9.988383222662681193e-01
9.989746239963219754e-01
9.976845032275013514e-01
9.991402529844106706e-01
9.980929907674339630e-01
9.980015447228399728e-01
9.990256944377831072e-01
1.000000000000000000e+00
9.987887318452868257e-01
9.989308154195454259e-01
9.985049620358560363e-01
9.992918333386969776e-01
9.985710121922823923e-01
9.983749100770838991e-01
9.990663556782429788e-01
9.981646694301588019e-01
9.985934144830846959e-01
9.988544306640927406e-01
9.994836864066183324e-01
9.981665017735043000e-01
9.984224865655976222e-01
9.989811827398032973e-01
9.984646454059948883e-01
9.977389875669855357e-01
9.978497900003056031e-01
9.978932791461002649e-01
9.924560258028710669e-01
9.872935832861543526e-01
9.808303565331115692e-01
9.744647071049676867e-01
9.711649930682905163e-01
9.646602377917458115e-01
9.586072614397004310e-01
9.524173983759376405e-01
9.473680622065718815e-01
9.416288563475608830e-01
9.358599879957091305e-01
9.300497687643399791e-01
9.244283742181169661e-01
9.182904495755817020e-01
9.133573276571661514e-01
9.074278534550433983e-01
9.021588329168389597e-01
8.959317125870630560e-01
8.907956188628536331e-01
8.861454230406711208e-01
8.795850165309039292e-01
8.738989052407629687e-01
8.682424680118897564e-01
8.624715041257020598e-01
8.569407149239720578e-01
8.509695671596632094e-01
8.443830311762968721e-01
8.397770349258002476e-01
8.344497212816117671e-01
8.285285262524413330e-01
8.223105320560764042e-01
8.160953189643972427e-01
8.113891916301686491e-01
8.061835372867011129e-01
7.998053163063254534e-01
7.942265908533833185e-01
7.886008419222109156e-01
7.830515885322028025e-01
7.778444338883506726e-01
7.710190313749304414e-01
7.653711935294129631e-01
7.599243038251477511e-01
7.559242443356848362e-01
7.490340343870378614e-01
7.433194443922952477e-01
7.377625945074031133e-01
7.037356848816438415e-01
5.881475405901499635e-03
