9.000000000000000222e-01
9.050396959072605219e-01
9.300790672958536565e-01
9.589876929724439059e-01
9.911496290793495589e-01
1.051344315667297469e+00
1.027345671975395280e+00
1.027047768010308282e+00
1.037922093831147308e+00
1.011206797629212284e+00
1.056135463750651482e+00
1.012954221003738997e+00
1.024113729301797449e+00
1.032570618579871091e+00
1.013333319850012515e+00
1.003575553828466083e+00
1.034593677855419225e+00
1.005854101357660735e+00
1.040664987187156720e+00
1.024467846709639307e+00
1.020642870515344747e+00
1.008071582366629526e+00
1.026831491762971060e+00
1.038263867637191362e+00
1.027092339682734057e+00
1.032256756758107130e+00
1.000000000000000000e+00
1.023950645844613483e+00
1.044409029346959228e+00
1.010897105424112929e+00
1.020084268295331054e+00
1.027255462275669773e+00
1.031954961222147249e+00
1.034039651422616668e+00
1.014308611581964614e+00
1.004311488927805085e+00
1.027108594474288372e+00
1.027917432228304229e+00
9.938398429711999826e-01
1.001106366616459464e+00
9.979840572509115493e-01
1.014811223256519845e+00
9.855761650081993341e-01
9.955540302385197382e-01
1.001067036868645177e+00
9.944011253465332434e-01
9.906003834991975454e-01
9.771048413202680916e-01
9.891610838062605549e-01
9.932052560102994088e-01
9.732360524749014141e-01
9.764008259474437068e-01
9.736376101761177182e-01
9.678508227197590852e-01
9.631540557409430381e-01
9.658674947157066537e-01
9.742013673099151339e-01
9.602321603646105652e-01
9.520702465636405876e-01
9.704014312536906051e-01
9.594075285875007797e-01
9.465966696333558694e-01
9.516006332292021863e-01
9.462031899066515317e-01
9.432375932431436016e-01
9.436757588652138207e-01
9.472031058510487211e-01
9.334344804847704014e-01
9.278583283177664898e-01
9.401692765442167810e-01
9.304055685896363004e-01
9.226296619214847672e-01
9.220672709532108380e-01
9.252688213880230217e-01
9.232297972804631714e-01
9.177040656083650383e-01
9.122499332470328515e-01
9.098974577373033501e-01
9.076931332125124374e-01
9.052456140339565360e-01
9.024663503210382798e-01
9.000000000000000222e-01
