9.016053051332698631e-01
9.019232599925617322e-01
9.018959429223349922e-01
9.018500525707808801e-01
9.021598157945697194e-01
9.019967677712397158e-01
9.020403107253450736e-01
9.016361516642545926e-01
9.020599144912574419e-01
9.021571810019582971e-01
9.023758619547210813e-01
9.021640800904405788e-01
9.021287800890438469e-01
9.020204763650483404e-01
9.028136483639628285e-01
9.024216400800370019e-01
9.028395145657985843e-01
9.029871923388298471e-01
9.023966073490992112e-01
9.025304485370009289e-01
9.025622094721228450e-01
9.024762740801024474e-01
9.024586230565407874e-01
9.019834744548003158e-01
9.051343590920682969e-01
9.029827559461170994e-01
9.018234762392149939e-01
9.041798388379672646e-01
9.305463504846437361e-01
9.355700843547438694e-01
9.340682207310849750e-01
9.377671776604512566e-01
9.398690493298712534e-01
9.448991939822830588e-01
9.464300313709785861e-01
9.483381595185917945e-01
9.499421642922002418e-01
9.510134524156790281e-01
9.517844030049732451e-01
9.536682112704005787e-01
9.552719758942094241e-01
9.569154319462158664e-01
9.582434839904652168e-01
9.618318407566799344e-01
9.640323064126425923e-01
9.652974729953177624e-01
9.679124588099143889e-01
9.690157745408785051e-01
9.704952488841817049e-01
9.756229569370794552e-01
9.795195938303908889e-01
9.813913619102816455e-01
9.859403291442594419e-01
9.901876749273553768e-01
9.947632575281647460e-01
1.000000000000000000e+00
9.820333048231589812e-01
9.294842220212002903e-01
9.103850129944806024e-01
9.120486143376086430e-01
9.107179945698630208e-01
9.087597920476130353e-01
9.063936501586939976e-01
9.070955525990498369e-01
9.069268863721460239e-01
9.044896143166017977e-01
9.040198152225962236e-01
9.046250661203122378e-01
9.035737766685781880e-01
9.034331158571028420e-01
9.040021462264378194e-01
9.034704827419894890e-01
9.025039500020994865e-01
9.038127485932236915e-01
9.038857246936510270e-01
9.033545806058213001e-01
9.045752278296129711e-01
9.055118397174735101e-01
9.049733880445364198e-01
9.046227209968443761e-01
9.045790451255021347e-01
9.032583538082212815e-01
