3.326937556266799847e-03
3.203406929969800174e-03
3.005787730216999930e-03
2.906963229179400105e-03
2.913147211074800045e-03
2.777278423309300151e-03
2.357318997383099895e-03
2.332612872123700047e-03
2.734050154686000142e-03
2.993434667587299789e-03
2.857565879821799895e-03
2.480834722518900082e-03
2.561122179031399826e-03
2.962559461593600174e-03
3.036662936210599798e-03
2.789631485938999858e-03
2.703160047531100174e-03
2.789631485938999858e-03
2.944022417068500094e-03
2.795800566673300059e-03
2.783447504043599918e-03
2.944022417068500094e-03
2.900794148445099904e-03
2.826675772666899927e-03
2.789631485938999858e-03
3.030493855476400211e-03
3.067538142204299847e-03
2.857565879821799895e-03
2.554938197135900139e-03
2.696990966796900153e-03
2.764925360679600010e-03
2.740219235420200163e-03
2.962559461593600174e-03
3.049015998840299939e-03
3.283694386482200172e-03
3.147825598716699844e-03
2.993434667587299789e-03
2.764925360679600010e-03
2.524062991142299837e-03
2.493187785148599789e-03
2.394378185272199883e-03
2.752572298049899870e-03
2.944022417068500094e-03
2.789631485938999858e-03
2.734050154686000142e-03
2.653762698173499964e-03
2.740219235420200163e-03
2.944022417068500094e-03
3.123119473457299997e-03
3.172531723976100126e-03
2.764925360679600010e-03
2.548769116401700119e-03
2.598181366920499814e-03
2.653762698173499964e-03
2.783447504043599918e-03
2.678468823432899812e-03
2.888441085815400197e-03
3.116950392723099976e-03
2.839028835296600068e-03
2.808153629303000200e-03
2.777278423309300151e-03
2.839028835296600068e-03
2.369672060012800036e-03
2.134978771209699883e-03
2.196744084358200153e-03
2.795800566673300059e-03
3.086075186729399927e-03
3.024309873580900091e-03
2.801984548568699999e-03
2.548769116401700119e-03
2.406716346740700105e-03
2.573475241661099967e-03
2.894625067710899884e-03
3.333106637000999867e-03
3.061369061470000080e-03
2.641409635543799823e-03
2.641409635543799823e-03
3.024309873580900091e-03
3.289878368377699858e-03
2.734050154686000142e-03
2.270847558975200211e-03
2.307906746864300199e-03
2.678468823432899812e-03
2.734050154686000142e-03
2.734050154686000142e-03
2.808153629303000200e-03
2.956375479698199801e-03
2.832859754562400047e-03
2.394378185272199883e-03
2.277031540870699897e-03
2.789631485938999858e-03
2.869918942451500036e-03
2.672284841537499872e-03
2.604350447654699835e-03
2.659931778907800165e-03
2.814337611198400139e-03
2.764925360679600010e-03
2.690806984901400033e-03
2.462312579154999920e-03
2.462312579154999920e-03
2.734050154686000142e-03
2.647578716278100024e-03
2.672284841537499872e-03
2.783447504043599918e-03
2.789631485938999858e-03
2.727866172790500022e-03
2.499356865882899990e-03
2.320259809493999906e-03
2.653762698173499964e-03
2.857565879821799895e-03
2.629056572914100116e-03
2.653762698173499964e-03
2.789631485938999858e-03
2.962559461593600174e-03
2.789631485938999858e-03
2.536416053771999978e-03
2.622872591018700177e-03
2.913147211074800045e-03
3.123119473457299997e-03
2.894625067710899884e-03
2.950206398963900033e-03
3.246650099754300103e-03
3.203406929969800174e-03
2.937853336334199893e-03
2.993434667587299789e-03
3.005787730216999930e-03
2.771094441413900211e-03
2.727866172790500022e-03
2.882272005081200177e-03
2.863734960555999916e-03
2.919316291809099812e-03
2.690806984901400033e-03
2.900794148445099904e-03
2.937853336334199893e-03
2.906963229179400105e-03
2.567291259765599847e-03
2.641409635543799823e-03
2.752572298049899870e-03
2.764925360679600010e-03
2.363488078117400096e-03
2.456128597259499800e-03
2.635225653648399884e-03
2.703160047531100174e-03
2.678468823432899812e-03
2.944022417068500094e-03
3.462806344032300174e-03
3.506034612655600183e-03
3.079891204833999988e-03
2.777278423309300151e-03
3.104597330093399835e-03
3.481328487396199902e-03
2.894625067710899884e-03
2.431422472000099953e-03
2.480834722518900082e-03
2.666115760803200105e-03
2.746403217315699849e-03
2.604350447654699835e-03
2.499356865882899990e-03
2.746403217315699849e-03
3.018140792846700071e-03
3.024309873580900091e-03
3.067538142204299847e-03
2.956375479698199801e-03
2.690806984901400033e-03
2.536416053771999978e-03
2.542585134506199999e-03
2.789631485938999858e-03
2.900794148445099904e-03
2.832859754562400047e-03
2.690806984901400033e-03
2.616703510284399976e-03
2.579644322395299987e-03
2.808153629303000200e-03
2.795800566673300059e-03
2.721697092056300001e-03
2.808153629303000200e-03
2.919316291809099812e-03
2.740219235420200163e-03
2.579644322395299987e-03
2.542585134506199999e-03
2.974897623062099962e-03
3.221943974494899821e-03
2.826675772666899927e-03
2.301737666130100179e-03
2.190560102462800213e-03
2.900794148445099904e-03
3.036662936210599798e-03
2.900794148445099904e-03
2.795800566673300059e-03
2.857565879821799895e-03
2.876088023185700056e-03
2.567291259765599847e-03
2.764925360679600010e-03
3.475144505500799962e-03
3.499850630760199810e-03
2.906963229179400105e-03
2.505540847778299929e-03
2.808153629303000200e-03
3.178715705871599812e-03
2.727866172790500022e-03
2.598181366920499814e-03
3.030493855476400211e-03
3.543078899383499819e-03
3.345459699630700008e-03
2.832859754562400047e-03
2.900794148445099904e-03
3.388687968254100197e-03
3.246650099754300103e-03
2.814337611198400139e-03
2.752572298049899870e-03
3.129303455352800117e-03
3.042832016944899999e-03
2.795800566673300059e-03
2.382025122642500176e-03
2.499356865882899990e-03
3.277525305748000151e-03
3.450453281402600034e-03
3.351628780365000209e-03
2.993434667587299789e-03
2.616703510284399976e-03
2.604350447654699835e-03
2.629056572914100116e-03
2.783447504043599918e-03
2.758741378784200071e-03
2.906963229179400105e-03
3.049015998840299939e-03
3.005787730216999930e-03
2.937853336334199893e-03
2.919316291809099812e-03
2.764925360679600010e-03
2.561122179031399826e-03
2.326428890228300107e-03
2.227619290351900202e-03
2.431422472000099953e-03
2.320259809493999906e-03
2.456128597259499800e-03
3.024309873580900091e-03
3.240466117858900163e-03
2.999603748321499810e-03
2.468481659889199941e-03
2.252325415611300050e-03
2.740219235420200163e-03
3.110781311988800209e-03
2.968728542327899941e-03
2.863734960555999916e-03
2.808153629303000200e-03
2.888441085815400197e-03
2.734050154686000142e-03
2.764925360679600010e-03
2.764925360679600010e-03
2.604350447654699835e-03
2.425253391265899932e-03
2.567291259765599847e-03
2.449959516525300213e-03
2.789631485938999858e-03
2.913147211074800045e-03
3.135472536087000137e-03
3.129303455352800117e-03
3.030493855476400211e-03
3.005787730216999930e-03
2.906963229179400105e-03
2.876088023185700056e-03
2.684637904167200013e-03
2.536416053771999978e-03
2.944022417068500094e-03
3.296047449111899879e-03
3.141656517982499824e-03
2.357318997383099895e-03
2.042338252067600179e-03
2.388194203376799944e-03
2.839028835296600068e-03
2.789631485938999858e-03
2.678468823432899812e-03
2.999603748321499810e-03
3.320753574371300160e-03
2.913147211074800045e-03
2.641409635543799823e-03
2.505540847778299929e-03
2.727866172790500022e-03
2.746403217315699849e-03
2.758741378784200071e-03
2.820506691932699907e-03
2.832859754562400047e-03
2.894625067710899884e-03
3.011956810951199950e-03
3.129303455352800117e-03
2.937853336334199893e-03
2.931669354438799953e-03
3.005787730216999930e-03
2.993434667587299789e-03
2.783447504043599918e-03
2.629056572914100116e-03
2.678468823432899812e-03
2.758741378784200071e-03
2.604350447654699835e-03
2.406716346740700105e-03
2.839028835296600068e-03
3.191053867340100034e-03
3.129303455352800117e-03
2.826675772666899927e-03
2.746403217315699849e-03
3.061369061470000080e-03
3.073722124099699787e-03
2.629056572914100116e-03
2.437606453895600073e-03
2.419069409370399812e-03
2.622872591018700177e-03
2.629056572914100116e-03
2.678468823432899812e-03
2.449959516525300213e-03
2.573475241661099967e-03
2.659931778907800165e-03
2.993434667587299789e-03
3.030493855476400211e-03
3.042832016944899999e-03
2.863734960555999916e-03
2.604350447654699835e-03
2.406716346740700105e-03
2.678468823432899812e-03
2.672284841537499872e-03
2.684637904167200013e-03
3.018140792846700071e-03
2.937853336334199893e-03
2.950206398963900033e-03
2.931669354438799953e-03
3.018140792846700071e-03
2.987250685691800103e-03
2.721697092056300001e-03
2.326428890228300107e-03
2.554938197135900139e-03
3.005787730216999930e-03
3.184884786605799833e-03
2.721697092056300001e-03
2.449959516525300213e-03
2.604350447654699835e-03
2.857565879821799895e-03
2.931669354438799953e-03
2.801984548568699999e-03
2.974897623062099962e-03
3.073722124099699787e-03
2.808153629303000200e-03
2.598181366920499814e-03
2.591997385025000128e-03
2.900794148445099904e-03
3.191053867340100034e-03
2.882272005081200177e-03
2.480834722518900082e-03
2.548769116401700119e-03
2.783447504043599918e-03
2.795800566673300059e-03
2.703160047531100174e-03
2.567291259765599847e-03
2.814337611198400139e-03
2.987250685691800103e-03
2.851381897926300209e-03
2.419069409370399812e-03
2.548769116401700119e-03
2.690806984901400033e-03
2.820506691932699907e-03
2.919316291809099812e-03
3.030493855476400211e-03
3.123119473457299997e-03
2.919316291809099812e-03
2.456128597259499800e-03
2.777278423309300151e-03
3.234297037124599962e-03
3.166362643241900105e-03
2.542585134506199999e-03
2.215266227722200061e-03
2.906963229179400105e-03
3.258988261222799891e-03
3.184884786605799833e-03
3.104597330093399835e-03
3.018140792846700071e-03
3.005787730216999930e-03
2.764925360679600010e-03
2.499356865882899990e-03
2.703160047531100174e-03
3.258988261222799891e-03
3.160178661346399985e-03
2.752572298049899870e-03
2.579644322395299987e-03
2.672284841537499872e-03
2.876088023185700056e-03
2.752572298049899870e-03
2.721697092056300001e-03
2.808153629303000200e-03
2.795800566673300059e-03
3.073722124099699787e-03
2.931669354438799953e-03
3.024309873580900091e-03
3.073722124099699787e-03
3.215759992599499881e-03
3.197237849235499973e-03
2.734050154686000142e-03
2.641409635543799823e-03
2.678468823432899812e-03
2.696990966796900153e-03
2.412900328636199791e-03
2.295553684234600059e-03
2.647578716278100024e-03
3.326937556266799847e-03
3.314584493637100140e-03
2.888441085815400197e-03
2.801984548568699999e-03
3.110781311988800209e-03
3.123119473457299997e-03
2.659931778907800165e-03
2.443775534629800093e-03
2.524062991142299837e-03
2.641409635543799823e-03
2.727866172790500022e-03
2.869918942451500036e-03
3.160178661346399985e-03
3.228113055229200022e-03
2.999603748321499810e-03
3.049015998840299939e-03
3.302231431007399999e-03
3.506034612655600183e-03
3.234297037124599962e-03
3.079891204833999988e-03
3.191053867340100034e-03
3.098428249359100068e-03
2.740219235420200163e-03
2.616703510284399976e-03
2.542585134506199999e-03
2.703160047531100174e-03
2.771094441413900211e-03
2.869918942451500036e-03
2.888441085815400197e-03
2.734050154686000142e-03
2.659931778907800165e-03
2.709344029426599861e-03
2.944022417068500094e-03
2.758741378784200071e-03
2.456128597259499800e-03
2.808153629303000200e-03
3.036662936210599798e-03
3.055185079574600140e-03
2.931669354438799953e-03
2.863734960555999916e-03
3.123119473457299997e-03
3.302231431007399999e-03
3.147825598716699844e-03
3.061369061470000080e-03
2.801984548568699999e-03
2.734050154686000142e-03
2.622872591018700177e-03
2.863734960555999916e-03
3.197237849235499973e-03
3.382518887519799997e-03
3.308400511741600020e-03
3.357812762260400149e-03
3.370165824890099856e-03
3.042832016944899999e-03
2.622872591018700177e-03
2.666115760803200105e-03
3.042832016944899999e-03
3.154009580612199964e-03
2.832859754562400047e-03
2.536416053771999978e-03
2.678468823432899812e-03
2.678468823432899812e-03
2.375841140747099803e-03
2.425253391265899932e-03
2.678468823432899812e-03
2.659931778907800165e-03
2.764925360679600010e-03
2.641409635543799823e-03
2.709344029426599861e-03
2.783447504043599918e-03
2.709344029426599861e-03
2.764925360679600010e-03
2.493187785148599789e-03
2.505540847778299929e-03
2.536416053771999978e-03
2.721697092056300001e-03
2.832859754562400047e-03
2.944022417068500094e-03
3.116950392723099976e-03
3.302231431007399999e-03
3.215759992599499881e-03
2.789631485938999858e-03
2.808153629303000200e-03
3.098428249359100068e-03
3.184884786605799833e-03
2.863734960555999916e-03
2.388194203376799944e-03
2.801984548568699999e-03
3.302231431007399999e-03
3.530740737915000031e-03
3.184884786605799833e-03
3.042832016944899999e-03
3.258988261222799891e-03
3.141656517982499824e-03
2.808153629303000200e-03
2.425253391265899932e-03
2.554938197135900139e-03
2.752572298049899870e-03
2.808153629303000200e-03
2.999603748321499810e-03
3.005787730216999930e-03
3.098428249359100068e-03
3.339275717735300068e-03
3.530740737915000031e-03
3.166362643241900105e-03
2.950206398963900033e-03
2.715513110160799881e-03
2.839028835296600068e-03
3.067538142204299847e-03
2.981081604957600082e-03
2.709344029426599861e-03
2.863734960555999916e-03
3.215759992599499881e-03
3.481328487396199902e-03
3.419563174247700066e-03
3.184884786605799833e-03
3.073722124099699787e-03
2.931669354438799953e-03
2.758741378784200071e-03
2.993434667587299789e-03
3.271341323852500031e-03
3.388687968254100197e-03
2.900794148445099904e-03
2.703160047531100174e-03
2.919316291809099812e-03
2.913147211074800045e-03
2.474650740623500142e-03
2.542585134506199999e-03
2.764925360679600010e-03
3.197237849235499973e-03
3.098428249359100068e-03
2.900794148445099904e-03
3.086075186729399927e-03
3.345459699630700008e-03
3.055185079574600140e-03
3.018140792846700071e-03
2.801984548568699999e-03
3.123119473457299997e-03
2.981081604957600082e-03
2.653762698173499964e-03
2.425253391265899932e-03
2.419069409370399812e-03
2.530246973037700211e-03
3.178715705871599812e-03
3.104597330093399835e-03
2.944022417068500094e-03
3.024309873580900091e-03
3.184884786605799833e-03
3.073722124099699787e-03
2.678468823432899812e-03
2.480834722518900082e-03
2.629056572914100116e-03
2.832859754562400047e-03
2.536416053771999978e-03
2.487003803253199849e-03
2.598181366920499814e-03
2.795800566673300059e-03
2.703160047531100174e-03
2.406716346740700105e-03
2.585828304290800107e-03
2.987250685691800103e-03
3.005787730216999930e-03
2.573475241661099967e-03
2.962559461593600174e-03
3.302231431007399999e-03
3.203406929969800174e-03
2.832859754562400047e-03
3.110781311988800209e-03
3.333106637000999867e-03
3.382518887519799997e-03
2.925500273704500186e-03
2.894625067710899884e-03
3.333106637000999867e-03
3.641903400421100077e-03
3.005787730216999930e-03
2.709344029426599861e-03
2.845212817192100188e-03
3.086075186729399927e-03
3.394871950149500137e-03
3.011956810951199950e-03
2.771094441413900211e-03
2.789631485938999858e-03
2.808153629303000200e-03
2.610534429550199955e-03
2.839028835296600068e-03
2.740219235420200163e-03
2.659931778907800165e-03
2.635225653648399884e-03
2.517893910408000070e-03
2.357318997383099895e-03
2.400547266006500084e-03
2.666115760803200105e-03
2.820506691932699907e-03
3.061369061470000080e-03
2.974897623062099962e-03
3.172531723976100126e-03
3.011956810951199950e-03
2.820506691932699907e-03
2.795800566673300059e-03
2.906963229179400105e-03
3.351628780365000209e-03
3.147825598716699844e-03
2.727866172790500022e-03
2.567291259765599847e-03
2.808153629303000200e-03
3.018140792846700071e-03
3.011956810951199950e-03
3.030493855476400211e-03
2.869918942451500036e-03
2.981081604957600082e-03
2.783447504043599918e-03
2.931669354438799953e-03
2.937853336334199893e-03
2.894625067710899884e-03
2.795800566673300059e-03
2.795800566673300059e-03
2.876088023185700056e-03
2.882272005081200177e-03
2.771094441413900211e-03
2.771094441413900211e-03
2.968728542327899941e-03
3.172531723976100126e-03
3.123119473457299997e-03
2.937853336334199893e-03
2.734050154686000142e-03
2.752572298049899870e-03
3.191053867340100034e-03
3.166362643241900105e-03
3.221943974494899821e-03
3.166362643241900105e-03
3.191053867340100034e-03
3.042832016944899999e-03
2.832859754562400047e-03
2.721697092056300001e-03
3.011956810951199950e-03
3.431916236877400207e-03
3.401041030883799905e-03
3.123119473457299997e-03
2.851381897926300209e-03
2.937853336334199893e-03
3.246650099754300103e-03
3.357812762260400149e-03
3.123119473457299997e-03
3.178715705871599812e-03
2.962559461593600174e-03
2.554938197135900139e-03
2.264678478241000190e-03
2.382025122642500176e-03
2.480834722518900082e-03
2.622872591018700177e-03
2.684637904167200013e-03
2.746403217315699849e-03
2.709344029426599861e-03
2.709344029426599861e-03
2.672284841537499872e-03
2.666115760803200105e-03
3.123119473457299997e-03
3.036662936210599798e-03
2.944022417068500094e-03
2.672284841537499872e-03
2.845212817192100188e-03
3.141656517982499824e-03
3.333106637000999867e-03
3.419563174247700066e-03
3.228113055229200022e-03
3.135472536087000137e-03
3.382518887519799997e-03
3.524556756019600091e-03
3.333106637000999867e-03
2.950206398963900033e-03
2.783447504043599918e-03
3.265172243118300011e-03
3.221943974494899821e-03
3.086075186729399927e-03
2.832859754562400047e-03
2.622872591018700177e-03
2.690806984901400033e-03
2.616703510284399976e-03
2.832859754562400047e-03
2.974897623062099962e-03
3.240466117858900163e-03
2.950206398963900033e-03
2.517893910408000070e-03
2.684637904167200013e-03
2.777278423309300151e-03
2.789631485938999858e-03
2.480834722518900082e-03
2.357318997383099895e-03
2.585828304290800107e-03
3.030493855476400211e-03
3.049015998840299939e-03
3.055185079574600140e-03
2.993434667587299789e-03
2.801984548568699999e-03
2.950206398963900033e-03
2.882272005081200177e-03
2.857565879821799895e-03
2.684637904167200013e-03
2.696990966796900153e-03
2.925500273704500186e-03
3.036662936210599798e-03
2.956375479698199801e-03
2.795800566673300059e-03
2.894625067710899884e-03
3.172531723976100126e-03
3.320753574371300160e-03
3.184884786605799833e-03
2.900794148445099904e-03
2.727866172790500022e-03
2.962559461593600174e-03
2.789631485938999858e-03
2.622872591018700177e-03
2.493187785148599789e-03
2.659931778907800165e-03
2.746403217315699849e-03
2.913147211074800045e-03
2.962559461593600174e-03
2.894625067710899884e-03
2.647578716278100024e-03
2.616703510284399976e-03
2.604350447654699835e-03
2.721697092056300001e-03
2.530246973037700211e-03
2.585828304290800107e-03
2.758741378784200071e-03
3.086075186729399927e-03
3.086075186729399927e-03
3.030493855476400211e-03
3.067538142204299847e-03
3.147825598716699844e-03
3.049015998840299939e-03
3.382518887519799997e-03
3.475144505500799962e-03
3.252819180488599870e-03
3.011956810951199950e-03
2.851381897926300209e-03
2.956375479698199801e-03
2.869918942451500036e-03
2.981081604957600082e-03
2.814337611198400139e-03
2.746403217315699849e-03
2.925500273704500186e-03
2.869918942451500036e-03
3.110781311988800209e-03
3.055185079574600140e-03
2.764925360679600010e-03
2.573475241661099967e-03
2.548769116401700119e-03
2.888441085815400197e-03
2.857565879821799895e-03
2.820506691932699907e-03
2.968728542327899941e-03
3.104597330093399835e-03
3.154009580612199964e-03
3.086075186729399927e-03
2.690806984901400033e-03
2.511709928512600130e-03
2.400547266006500084e-03
2.184391021728500012e-03
2.314090728759799886e-03
2.517893910408000070e-03
3.024309873580900091e-03
2.906963229179400105e-03
2.709344029426599861e-03
2.542585134506199999e-03
2.530246973037700211e-03
2.721697092056300001e-03
2.727866172790500022e-03
3.018140792846700071e-03
2.734050154686000142e-03
2.480834722518900082e-03
2.431422472000099953e-03
2.499356865882899990e-03
2.246156334876999849e-03
2.252325415611300050e-03
2.703160047531100174e-03
3.271341323852500031e-03
3.419563174247700066e-03
3.061369061470000080e-03
3.104597330093399835e-03
3.271341323852500031e-03
3.215759992599499881e-03
2.869918942451500036e-03
2.690806984901400033e-03
2.758741378784200071e-03
2.771094441413900211e-03
2.542585134506199999e-03
2.462312579154999920e-03
2.703160047531100174e-03
3.110781311988800209e-03
2.999603748321499810e-03
3.265172243118300011e-03
3.450453281402600034e-03
3.308400511741600020e-03
2.925500273704500186e-03
2.431422472000099953e-03
2.394378185272199883e-03
2.493187785148599789e-03
2.863734960555999916e-03
3.024309873580900091e-03
3.252819180488599870e-03
3.308400511741600020e-03
3.394871950149500137e-03
2.974897623062099962e-03
2.659931778907800165e-03
2.635225653648399884e-03
2.653762698173499964e-03
2.869918942451500036e-03
2.845212817192100188e-03
2.814337611198400139e-03
3.024309873580900091e-03
3.623366355895999997e-03
3.462806344032300174e-03
2.869918942451500036e-03
2.474650740623500142e-03
2.629056572914100116e-03
2.913147211074800045e-03
2.740219235420200163e-03
2.369672060012800036e-03
2.740219235420200163e-03
3.234297037124599962e-03
3.086075186729399927e-03
2.709344029426599861e-03
2.561122179031399826e-03
3.116950392723099976e-03
3.092244267463700128e-03
2.906963229179400105e-03
3.030493855476400211e-03
3.376334905624400057e-03
3.635719418525700138e-03
3.468975424766500195e-03
3.011956810951199950e-03
2.913147211074800045e-03
2.839028835296600068e-03
2.536416053771999978e-03
2.573475241661099967e-03
2.839028835296600068e-03
3.036662936210599798e-03
3.123119473457299997e-03
2.808153629303000200e-03
2.789631485938999858e-03
2.647578716278100024e-03
2.554938197135900139e-03
2.591997385025000128e-03
2.622872591018700177e-03
2.480834722518900082e-03
2.301737666130100179e-03
2.388194203376799944e-03
2.431422472000099953e-03
2.653762698173499964e-03
2.869918942451500036e-03
2.950206398963900033e-03
3.067538142204299847e-03
2.944022417068500094e-03
2.925500273704500186e-03
3.184884786605799833e-03
3.258988261222799891e-03
2.931669354438799953e-03
2.795800566673300059e-03
2.993434667587299789e-03
2.900794148445099904e-03
2.703160047531100174e-03
2.493187785148599789e-03
2.616703510284399976e-03
3.209590911865200114e-03
3.283694386482200172e-03
2.857565879821799895e-03
2.425253391265899932e-03
2.505540847778299929e-03
2.487003803253199849e-03
2.394378185272199883e-03
2.641409635543799823e-03
3.030493855476400211e-03
3.370165824890099856e-03
2.993434667587299789e-03
2.839028835296600068e-03
2.801984548568699999e-03
2.857565879821799895e-03
2.801984548568699999e-03
2.641409635543799823e-03
2.591997385025000128e-03
2.622872591018700177e-03
2.808153629303000200e-03
2.764925360679600010e-03
3.073722124099699787e-03
3.079891204833999988e-03
3.141656517982499824e-03
3.024309873580900091e-03
3.203406929969800174e-03
3.147825598716699844e-03
3.055185079574600140e-03
3.314584493637100140e-03
3.376334905624400057e-03
3.172531723976100126e-03
2.740219235420200163e-03
2.449959516525300213e-03
2.709344029426599861e-03
3.147825598716699844e-03
3.184884786605799833e-03
3.345459699630700008e-03
3.221943974494899821e-03
3.018140792846700071e-03
3.055185079574600140e-03
2.678468823432899812e-03
2.777278423309300151e-03
2.795800566673300059e-03
2.517893910408000070e-03
2.524062991142299837e-03
2.431422472000099953e-03
2.295553684234600059e-03
2.344965934753400188e-03
2.548769116401700119e-03
3.246650099754300103e-03
3.265172243118300011e-03
3.042832016944899999e-03
2.764925360679600010e-03
2.931669354438799953e-03
2.981081604957600082e-03
2.678468823432899812e-03
2.746403217315699849e-03
2.795800566673300059e-03
2.913147211074800045e-03
2.882272005081200177e-03
3.116950392723099976e-03
3.067538142204299847e-03
2.832859754562400047e-03
2.406716346740700105e-03
2.771094441413900211e-03
3.493681550025900043e-03
3.382518887519799997e-03
2.888441085815400197e-03
2.499356865882899990e-03
2.857565879821799895e-03
3.104597330093399835e-03
2.795800566673300059e-03
2.524062991142299837e-03
2.900794148445099904e-03
3.160178661346399985e-03
3.191053867340100034e-03
2.839028835296600068e-03
2.968728542327899941e-03
2.783447504043599918e-03
2.715513110160799881e-03
2.906963229179400105e-03
2.956375479698199801e-03
3.104597330093399835e-03
3.067538142204299847e-03
2.591997385025000128e-03
2.536416053771999978e-03
2.690806984901400033e-03
3.011956810951199950e-03
3.456622362136800054e-03
3.382518887519799997e-03
3.024309873580900091e-03
2.795800566673300059e-03
2.727866172790500022e-03
2.801984548568699999e-03
2.703160047531100174e-03
2.468481659889199941e-03
2.480834722518900082e-03
2.721697092056300001e-03
2.894625067710899884e-03
2.851381897926300209e-03
2.845212817192100188e-03
2.974897623062099962e-03
2.839028835296600068e-03
2.449959516525300213e-03
2.493187785148599789e-03
2.573475241661099967e-03
2.764925360679600010e-03
2.845212817192100188e-03
2.863734960555999916e-03
2.919316291809099812e-03
2.882272005081200177e-03
2.771094441413900211e-03
2.703160047531100174e-03
2.808153629303000200e-03
2.832859754562400047e-03
3.030493855476400211e-03
2.987250685691800103e-03
2.906963229179400105e-03
3.098428249359100068e-03
3.036662936210599798e-03
3.067538142204299847e-03
2.974897623062099962e-03
3.116950392723099976e-03
3.049015998840299939e-03
3.104597330093399835e-03
3.092244267463700128e-03
2.925500273704500186e-03
2.931669354438799953e-03
3.036662936210599798e-03
3.116950392723099976e-03
2.888441085815400197e-03
2.690806984901400033e-03
3.036662936210599798e-03
3.123119473457299997e-03
3.036662936210599798e-03
3.067538142204299847e-03
