4.695913885788444153e-02
6.141782674995955871e-01
6.956662834287248298e-01
8.004442506696621829e-01
8.831935016303038566e-01
9.733969163499587296e-01
9.972060904272025406e-01
9.975849108270414822e-01
9.987807113722533270e-01
9.984174467958437660e-01
9.971333274525220336e-01
9.987023564478565429e-01
9.972107183844498568e-01
9.972752644877850292e-01
9.986394973877525949e-01
1.000000000000000000e+00
9.986167887210557481e-01
9.982339055920245174e-01
9.983461085837463944e-01
9.992890273591116257e-01
9.979058042822197550e-01
9.973612024974007895e-01
9.989705765346947874e-01
9.976610661708769090e-01
9.982103351553720527e-01
9.987180680981384562e-01
9.989123402963013820e-01
9.973928208882093527e-01
9.981986827159967657e-01
9.984052569308833336e-01
9.977180475571986173e-01
9.966502276435231789e-01
9.969396749944896552e-01
9.967568801227434383e-01
9.881969628612922163e-01
9.802783383571427311e-01
9.709284405608433755e-01
9.613064635025385662e-01
9.559482900269995476e-01
9.462104910453509321e-01
9.369484963550602785e-01
9.279600698363527078e-01
9.196868780395477394e-01
9.114289530116730376e-01
9.028988841497700424e-01
8.939525735142664908e-01
8.853614158181141169e-01
8.756381754729595235e-01
8.688603925749920354e-01
8.600201760673021889e-01
8.515147025277043369e-01
8.422136632788319588e-01
8.346044689154773488e-01
8.276017805135464922e-01
8.173802462265936652e-01
8.090391727738927008e-01
8.009030764343232356e-01
7.916518600778968962e-01
7.830298072077067628e-01
7.748300104219116857e-01
7.643416209508525627e-01
7.570806086563409698e-01
7.495643723522376067e-01
7.403568126697686047e-01
7.307694028131482833e-01
7.214777555469267245e-01
7.149734375146452603e-01
7.063808024381956763e-01
6.962480203198585516e-01
6.890545460288800550e-01
6.800825793265224961e-01
6.710881619883003468e-01
6.636010494777355717e-01
6.536972094347293094e-01
6.452598495821084690e-01
6.368183223253732761e-01
6.306211503591651057e-01
6.198975391016509073e-01
6.113415724466857437e-01
6.021286360596965759e-01
5.501727087115758641e-01
3.984108205867281649e-03
