0.000000000000000000e+00
0.000000000000000000e+00
0.000000000000000000e+00
0.000000000000000000e+00
0.000000000000000000e+00
0.000000000000000000e+00
0.000000000000000000e+00
0.000000000000000000e+00
0.000000000000000000e+00
6.806481501619791041e-01
8.645776202940608224e-01
8.958514736777216658e-01
8.894743160042216656e-01
8.881371545576081106e-01
9.188646845689345533e-01
9.395228334307932361e-01
9.019231004699886922e-01
9.401305930771163277e-01
9.005141342352054323e-01
9.219334443689494174e-01
9.346643075585997495e-01
9.600732955639172950e-01
9.437949162344808629e-01
9.295020906873218136e-01
9.292528784024337574e-01
9.121526569982367771e-01
9.441261870154433744e-01
9.018819661542784027e-01
8.759275864752391616e-01
9.077915390585543642e-01
8.899333993757679862e-01
8.840389908905210703e-01
8.844307249030092244e-01
8.877173761755480230e-01
9.127465661108424833e-01
9.227353418415861208e-01
8.877554865390686611e-01
8.814054746551986952e-01
9.219120516980258140e-01
9.242613873456569928e-01
9.460787896657103513e-01
9.406937196622504604e-01
1.000000000000000000e+00
9.627596273328626886e-01
9.346092842855334704e-01
9.238986307418312061e-01
9.103113119322282509e-01
8.207354622521398912e-01
6.346668634313273882e-01
4.649986048262922389e-01
0.000000000000000000e+00
0.000000000000000000e+00
0.000000000000000000e+00
0.000000000000000000e+00
0.000000000000000000e+00
0.000000000000000000e+00
0.000000000000000000e+00
0.000000000000000000e+00
0.000000000000000000e+00
0.000000000000000000e+00
0.000000000000000000e+00
0.000000000000000000e+00
0.000000000000000000e+00
0.000000000000000000e+00
0.000000000000000000e+00
0.000000000000000000e+00
0.000000000000000000e+00
0.000000000000000000e+00
0.000000000000000000e+00
0.000000000000000000e+00
0.000000000000000000e+00
0.000000000000000000e+00
0.000000000000000000e+00
0.000000000000000000e+00
0.000000000000000000e+00
0.000000000000000000e+00
0.000000000000000000e+00
0.000000000000000000e+00
0.000000000000000000e+00
0.000000000000000000e+00
0.000000000000000000e+00
0.000000000000000000e+00
