9.000000000000000222e-01
1.797693134862315758e+307
1.797693134862315758e+307
1.211177638467352491e+00
4.423135920289870349e+00
1.240715309587813175e+00
1.401897697769066475e+00
1.258749928336194701e+00
1.091069061636541937e+00
1.085807684535401663e+00
2.196293384653187353e+00
1.057701663070204079e+00
1.366438389321481317e+00
1.347830199242041616e+00
1.047221367723954355e+00
1.000000000000000000e+00
1.093805177441775411e+00
1.073710104368855056e+00
1.155554514298442248e+00
1.043449176281863400e+00
1.129368552435060069e+00
1.158940402103246337e+00
1.072626845962917796e+00
1.318726057595537959e+00
1.134051939784704643e+00
1.077369610337042705e+00
1.023888916471235477e+00
1.302655016726456561e+00
1.183435404233623034e+00
1.065661231690649968e+00
1.177094787467679371e+00
2.367262068113829443e+00
1.797051239958911584e+00
1.317408142562928708e+00
1.174176567823430162e+00
1.087532031120372666e+00
1.721454183018217066e+00
1.797693134862315758e+307
1.007606277008991080e+00
1.092858724929715475e+00
1.227034518744261060e+00
4.225792634703992690e+00
1.173811065793426200e+00
1.280849965328344275e+00
1.509836081051107337e+00
2.099904693054664317e+00
2.031669902323821830e+00
1.797693134862315758e+307
1.551313615287056136e+00
1.797693134862315758e+307
1.295951006168440722e+00
1.797693134862315758e+307
1.408130804325506524e+00
1.018202318786884275e+00
1.322164876381943577e+00
1.646552374206793790e+00
3.295458416155139236e+00
5.279366854039612811e+00
1.925386091309122083e+00
1.797693134862315758e+307
1.797693134862315758e+307
1.797693134862315758e+307
8.249300011021285073e+00
1.797693134862315758e+307
1.797693134862315758e+307
1.797693134862315758e+307
1.797693134862315758e+307
1.797693134862315758e+307
1.797693134862315758e+307
1.797693134862315758e+307
1.797693134862315758e+307
1.797693134862315758e+307
1.797693134862315758e+307
1.797693134862315758e+307
1.797693134862315758e+307
1.797693134862315758e+307
1.041650063691698991e+00
1.797693134862315758e+307
1.797693134862315758e+307
1.797693134862315758e+307
1.797693134862315758e+307
9.000000000000000222e-01
