8.117074907451380383e-01
8.125968893064393628e-01
8.124014917118725920e-01
8.129738059038719156e-01
8.128143651184648322e-01
8.124975576657484932e-01
8.126753379488158568e-01
8.122279852734782812e-01
8.130291957324549124e-01
8.136337145835124129e-01
8.126291247583858901e-01
8.136984157874410650e-01
8.128886967672015462e-01
8.126077461998232332e-01
8.145084959985479101e-01
8.147160808620652617e-01
8.141461645324319374e-01
8.148365225200228101e-01
8.132745400222278764e-01
8.141113020315542403e-01
8.138226058642490379e-01
8.137890815088777430e-01
8.138299846376074731e-01
8.126661830020642796e-01
8.172880129122140902e-01
8.143554925971953073e-01
8.137579621458401746e-01
8.169553658950380326e-01
8.564679149030924865e-01
8.653369940577112507e-01
8.626140866901274018e-01
8.682680684389612047e-01
8.721271292319087154e-01
8.810230289277279914e-01
8.841998787502742818e-01
8.881437267328801122e-01
8.901479264683975767e-01
8.915857570263168164e-01
8.952621295122552558e-01
8.980331823704779115e-01
9.008335725056531018e-01
9.033245106632669108e-01
9.069700121228988499e-01
9.136867081845477800e-01
9.178801867662050862e-01
9.205030820911589418e-01
9.258782100810591942e-01
9.280742098783463234e-01
9.317733958961873508e-01
9.424512570262636446e-01
9.516652545546028241e-01
9.555386194681857459e-01
9.666000128725757978e-01
9.778308298970411760e-01
9.884889676505741463e-01
1.000000000000000000e+00
9.542542482118641090e-01
8.544937429689570818e-01
8.254608325667291968e-01
8.269053729072096681e-01
8.246033617867547516e-01
8.226705264662400596e-01
8.191986487994277200e-01
8.201332402225788298e-01
8.195528172976155323e-01
8.156750413423986545e-01
8.153007107595644509e-01
8.168667821632489279e-01
8.152139138009260044e-01
8.142814588556034350e-01
8.153717969855112102e-01
8.150581841644909398e-01
8.137944164286248228e-01
8.145490443981999729e-01
8.145862511985920706e-01
8.141516362281875363e-01
8.170979261900548352e-01
8.177342426372804507e-01
8.168669692329381116e-01
8.165580773147493865e-01
8.167907907413543001e-01
8.142538910207174352e-01
