9.000000000000000222e-01
1.797693134862315758e+307
1.697090535909805631e+00
1.029382910052110578e+00
1.181020819013445244e+00
1.136766043840848894e+00
1.157888060813736519e+00
1.129938036847434546e+00
1.067853489894105001e+00
1.050682080802566976e+00
1.299091763148079171e+00
1.037323624919977094e+00
1.146693355569156747e+00
1.158343709817338141e+00
1.034954438519731790e+00
1.000000000000000000e+00
1.067884560751385825e+00
1.043614816216935637e+00
1.103793352394468297e+00
1.034796332756479087e+00
1.075721055448993546e+00
1.080601388276313690e+00
1.052359507707155029e+00
1.153900922350029390e+00
1.084674915086798919e+00
1.059142429748824998e+00
1.013414264438344148e+00
1.135283444851525214e+00
1.115788130569854930e+00
1.041555226013939128e+00
1.092075208636962280e+00
1.233974700397268087e+00
1.214009333676744795e+00
1.147134922699241555e+00
1.088803929205554688e+00
1.047580632887497476e+00
1.192475654189729894e+00
1.509969572198136767e+00
1.001641651007575184e+00
1.047672819099282782e+00
1.085003249203300824e+00
1.231259669385710076e+00
1.059631815286541379e+00
1.092994855587812619e+00
1.130319210432448429e+00
1.149901782998581146e+00
1.135976656939144958e+00
1.221970594226184259e+00
1.112341037974239777e+00
1.199977370215395078e+00
1.061746039520460094e+00
1.211578340681704891e+00
1.076522628550909300e+00
9.938561205029535772e-01
1.048682498684167852e+00
1.071902954128643559e+00
1.113619073633125289e+00
1.080349457134393010e+00
1.045585808055724542e+00
1.387033242486121365e+00
1.797693134862315758e+307
1.070292221402125765e+00
1.055592208628082451e+00
1.096012502690963952e+00
2.282477828119482410e+00
1.797693134862315758e+307
1.906887657387223323e+00
1.009933613971925048e+00
1.183802374061809992e+00
1.797693134862315758e+307
1.797693134862315758e+307
1.090038092191807806e+00
1.007839448982331687e+00
1.797693134862315758e+307
1.797693134862315758e+307
1.797693134862315758e+307
9.317003337558471543e-01
1.797693134862315758e+307
1.797693134862315758e+307
1.056339185183147400e+00
9.217208049861573826e-01
9.000000000000000222e-01
