9.029770158014975845e-01
9.035534199953898504e-01
9.035016792645242933e-01
9.034056749943722986e-01
9.039743716041348520e-01
9.036674187289058802e-01
9.037688926599745098e-01
9.030205577310295162e-01
9.037781041562920059e-01
9.039634533184240928e-01
9.043684690843460938e-01
9.039759785242788004e-01
9.039267801419909043e-01
9.037191624673956980e-01
9.051378705275905379e-01
9.044141206153509804e-01
9.051775148409434424e-01
9.054612793611909183e-01
9.043847726242852936e-01
9.046193405883982130e-01
9.047014162775409707e-01
9.045537668585462709e-01
9.044945673861435331e-01
9.036300523566124232e-01
9.092328852534110606e-01
9.054352517124619748e-01
9.033118979406995486e-01
9.071137442063011980e-01
9.443963091406074595e-01
9.505138710369482880e-01
9.485253998431104616e-01
9.526702853046227215e-01
9.545304329638741869e-01
9.597140641609773759e-01
9.611556818495543553e-01
9.628919465161279723e-01
9.644325309954565606e-01
9.654744057886566200e-01
9.657508506393965853e-01
9.675282374476220637e-01
9.689715409873057572e-01
9.703362374150340530e-01
9.712455306429110813e-01
9.741434961568669060e-01
9.758567552465005068e-01
9.767654664410919674e-01
9.788383359612690127e-01
9.797095407386741117e-01
9.801230767067352634e-01
9.837978200835912901e-01
9.865445724842757391e-01
9.875507433087294951e-01
9.901855611090785159e-01
9.924780238512050934e-01
9.953705710740358148e-01
1.000000000000000000e+00
9.914839514965538836e-01
9.440097837828640426e-01
9.176673555405726601e-01
9.203964121285529432e-01
9.184657838130221297e-01
9.152972483136213588e-01
9.113034948421527837e-01
9.125285155283229255e-01
9.123193890482743651e-01
9.081441014917897014e-01
9.072601379269711330e-01
9.083439550685638020e-01
9.065373001307972523e-01
9.062370327483778576e-01
9.072644179912056073e-01
9.063486041398840509e-01
9.045921412680688611e-01
9.069408722945325740e-01
9.070639287828382580e-01
9.061156508933781994e-01
9.082092228357614427e-01
9.098890926405519552e-01
9.089581118216862876e-01
9.083257101183190851e-01
9.082513223924372214e-01
9.059516841179839908e-01
