0.000000000000000000e+00
9.108980421130592475e-01
9.217960842261183618e-01
9.326941263391775871e-01
9.326941263391775871e-01
9.326941263391775871e-01
9.326941263391775871e-01
9.326941263391775871e-01
9.326941263391775871e-01
9.326941263391775871e-01
9.326941263391775871e-01
9.326941263391775871e-01
9.326941263391775871e-01
9.326941263391775871e-01
9.326941263391775871e-01
9.326941263391775871e-01
9.326941263391775871e-01
9.326941263391775871e-01
9.326941263391775871e-01
9.326941263391775871e-01
9.326941263391775871e-01
9.326941263391775871e-01
9.326941263391775871e-01
9.326941263391775871e-01
9.326941263391775871e-01
9.326941263391775871e-01
9.334046447096342458e-01
9.341306042743139360e-01
9.348723406057914964e-01
9.356301965694036049e-01
9.364045224817374447e-01
9.371956762725631718e-01
9.380040236502860118e-01
9.388299382709938135e-01
9.396738019111785523e-01
9.405360046442110544e-01
9.414169450206514300e-01
9.423170302524780384e-01
9.432366764013192517e-01
9.441763085707775005e-01
9.451363611029317546e-01
9.461172777791105881e-01
9.471195120250289756e-01
9.481435271203831894e-01
9.491897964129998311e-01
9.502588035376396958e-01
9.513510426395566100e-01
9.524670186029143837e-01
9.536072472841680137e-01
9.547722557505166074e-01
9.559625825235387175e-01
9.571787778281222181e-01
9.584214038468041874e-01
9.596910349796379247e-01
9.609882581097075605e-01
9.623136728744132729e-01
9.636678919426511225e-01
9.650515412980185115e-01
9.664652605281718323e-01
9.679097031204750845e-01
9.693855367640715759e-01
9.708934436585214822e-01
9.724341208291468197e-01
9.740082804492284918e-01
9.756166501692069559e-01
9.772599734530358351e-01
9.789390099218461261e-01
9.806545357050788780e-01
9.824073437992483226e-01
9.841982444345021008e-01
9.860280654491477836e-01
9.878976526723187712e-01
9.898078703149556512e-01
9.917596013692856483e-01
9.937537480169825743e-01
9.957912320461981270e-01
9.978729952776546064e-01
1.000000000000000000e+00
9.544902105652960378e-01
9.217960842261183618e-01
9.043592168452236901e-01
0.000000000000000000e+00
