9.024233169422323231e-01
9.028966968720316677e-01
9.028550931835100934e-01
9.027804035627244872e-01
9.032452462200089016e-01
9.029962272035074733e-01
9.030726464559243327e-01
9.024634538241285142e-01
9.030887294139060550e-01
9.032382392973482554e-01
9.035679130902135592e-01
9.032482047764762711e-01
9.032033189189031530e-01
9.030368344030746952e-01
9.042082698871392044e-01
9.036180094013585018e-01
9.042427368039611668e-01
9.044709541934027319e-01
9.035886155085773863e-01
9.037834382159495306e-01
9.038429749784572254e-01
9.037196565455090091e-01
9.036796590033739918e-01
9.029714591409929714e-01
9.076067503305663697e-01
9.044560184891403676e-01
9.027230828150442088e-01
9.060132775540793437e-01
9.396402876347588196e-01
9.454413435765157692e-01
9.436311919553173055e-01
9.477003702075262881e-01
9.497197656078049111e-01
9.549319482962533856e-01
9.564402101136035839e-01
9.582706592473704266e-01
9.598569008260834368e-01
9.609336648418698168e-01
9.614004344314541761e-01
9.632410618191991070e-01
9.647645119686260040e-01
9.662482354327065481e-01
9.673342621752347714e-01
9.704914611111593592e-01
9.723827023368792899e-01
9.734269233951926559e-01
9.756862861739683535e-01
9.766589437643093952e-01
9.774381414628214859e-01
9.815790742277368253e-01
9.846825193069063120e-01
9.859739328408780867e-01
9.891779245662946085e-01
9.920237386285961634e-01
9.953638664401783798e-01
1.000000000000000000e+00
9.885975848922701203e-01
9.388867081321008445e-01
9.148892644188604262e-01
9.172074675647937658e-01
9.154747408777899054e-01
9.127523585127284012e-01
9.093785844727684253e-01
9.103989604645492673e-01
9.101953648736085256e-01
9.066887240492033095e-01
9.059726497437416981e-01
9.068666866936836435e-01
9.053513278238344286e-01
9.051186989785670045e-01
9.059638080808259941e-01
9.051960027569491141e-01
9.037547693823548833e-01
9.056917601412320940e-01
9.057958587921921545e-01
9.050129300216045447e-01
9.067709354010697886e-01
9.081569112154727064e-01
9.073776464295579824e-01
9.068568780911065996e-01
9.067936828756061329e-01
9.048743750122625329e-01
