0.000000000000000000e+00
7.183288139297498986e-01
7.111862325183693212e-01
7.966135745909124211e-01
7.502973418239516912e-01
6.460435657986591806e-01
8.067377995962754511e-01
8.083949715094381760e-01
7.525422976117486229e-01
9.093030454853999744e-01
6.764225361621244437e-01
8.967829727852393296e-01
8.251413724033228592e-01
7.788834582209995805e-01
8.941177415353912528e-01
9.689309076642839136e-01
7.686792532460413607e-01
9.502268579646934166e-01
7.398180656018807921e-01
8.230783080063515111e-01
8.460034697081644239e-01
9.327813661011995494e-01
8.096029444185398605e-01
7.509292813662837851e-01
8.081465352252605872e-01
7.804945335579845933e-01
1.000000000000000000e+00
8.260954502231910856e-01
7.232297274415213639e-01
9.115631120921111608e-01
8.494736927459733966e-01
8.072387965951166588e-01
7.820508995374894079e-01
7.714431069075000647e-01
8.688559579449118830e-01
9.226837683769202325e-01
7.575524781012538122e-01
7.366139468212260510e-01
9.487599628673818453e-01
8.663827018058417595e-01
8.699830763137299527e-01
7.365795741858447432e-01
9.357519514837299157e-01
8.248181041010425041e-01
7.635089192557272808e-01
7.900338489315350543e-01
7.972513489870927117e-01
8.976296655532982616e-01
7.627186840780119104e-01
7.104071869799187811e-01
8.582498136494299823e-01
7.987485850440219082e-01
7.988300924955652471e-01
8.320896106424263694e-01
8.578612252182652442e-01
7.942889410967456376e-01
6.838102367503323675e-01
7.971091810022435942e-01
8.761247671851151164e-01
6.317589212856032921e-01
7.065447826849071689e-01
8.464452118946261816e-01
7.299818375873248222e-01
7.679690448470801734e-01
7.726223622000216729e-01
7.202132131445105889e-01
6.270794373414657619e-01
8.142842943192647454e-01
9.020460992956766955e-01
5.851295800095589472e-01
7.012463594397874145e-01
8.493918891374134805e-01
7.834571554874183441e-01
6.102835896589563491e-01
5.795904163283464028e-01
6.479472610338995464e-01
7.757269594611804209e-01
7.661036819484761118e-01
7.374215324064875565e-01
7.190496099646376260e-01
7.623159669563980279e-01
0.000000000000000000e+00
