9.000000000000000222e-01
9.070513432174848178e-01
9.346700212232004201e-01
9.627188335420250320e-01
9.787210471810133816e-01
9.956361001839260094e-01
1.000382293770964548e+00
1.000316533089429250e+00
1.000145108641690372e+00
1.000224368941212916e+00
1.000366257180496543e+00
1.000187337570766166e+00
1.000386912141491447e+00
1.000363252323481333e+00
1.000179669705212326e+00
1.000000000000000000e+00
1.000173203779716413e+00
1.000251478107784919e+00
1.000194779759432828e+00
1.000084530748876599e+00
1.000294945706659888e+00
1.000374087297774883e+00
1.000125228339170169e+00
1.000302786535761879e+00
1.000229410573876265e+00
1.000157203808638817e+00
1.000172354870734193e+00
1.000353275564251243e+00
1.000222043337437361e+00
1.000229248447600527e+00
1.000322963963721890e+00
1.000468949159261989e+00
1.000424833056247742e+00
1.000490855972961057e+00
9.993944625250191782e-01
9.981748462700895663e-01
9.971057261715873254e-01
9.960635577621966830e-01
9.944344151659523234e-01
9.933618696065814602e-01
9.922056691840499543e-01
9.909609960723021471e-01
9.896391230459753441e-01
9.882322227473449017e-01
9.868470775333283429e-01
9.855061387993190314e-01
9.840846076837646006e-01
9.827897377345229390e-01
9.810151332898731091e-01
9.795103931333537517e-01
9.779597242831754578e-01
9.764377511594342085e-01
9.746536168639903241e-01
9.727695064773304034e-01
9.712611441400736956e-01
9.694444738749982138e-01
9.675537889063060559e-01
9.657974717492250338e-01
9.638974842747696226e-01
9.618546855298393261e-01
9.600795309649773346e-01
9.578650354815745338e-01
9.555941722448912934e-01
9.534851263840956603e-01
9.513457058876951811e-01
9.490896936266614015e-01
9.464729067760668801e-01
9.440494921440721887e-01
9.416728618839802500e-01
9.389021042620788737e-01
9.362602887101794114e-01
9.335349078661577815e-01
9.305792560560994797e-01
9.276988797944911713e-01
9.246291555598458167e-01
9.214634507827648147e-01
9.180915686896242711e-01
9.148083298075827541e-01
9.113028575939795539e-01
9.076978040470954356e-01
9.043743926575125158e-01
9.000000000000000222e-01
