9.000000000000000222e-01
9.044259107621135385e-01
9.249137439204421218e-01
9.516099728695139870e-01
9.711969414802675837e-01
9.937733132612993625e-01
1.000161329498592266e+00
1.000152855419107256e+00
1.000128491295442457e+00
1.000077095272672301e+00
1.000220051619458372e+00
1.000069711818269980e+00
1.000153180428799082e+00
1.000172251712860838e+00
1.000079646700158031e+00
1.000000000000000000e+00
1.000126641067088151e+00
1.000069345470607329e+00
1.000153843536780274e+00
1.000081789206603844e+00
1.000117653919579519e+00
1.000108038485260531e+00
1.000099318567759132e+00
1.000170122788182958e+00
1.000129140559140151e+00
1.000120169277555870e+00
1.000020857441873856e+00
1.000149648655812573e+00
1.000162061365508004e+00
1.000075893764380996e+00
1.000123401385414557e+00
1.000179145905078615e+00
1.000179754251761421e+00
1.000174652290842570e+00
9.982533669040711821e-01
9.963212672605086251e-01
9.945137948250651894e-01
9.926547345620557738e-01
9.905559504484106048e-01
9.887023029099742955e-01
9.867937094816261467e-01
9.849155426243964007e-01
9.828916492562442819e-01
9.809679759726186443e-01
9.790245794476967189e-01
9.770546647385774941e-01
9.750708671990968579e-01
9.730844751678254800e-01
9.710833832838449142e-01
9.691000904479958322e-01
9.670404783273609528e-01
9.650529481384348962e-01
9.630013429478763154e-01
9.609164632917326365e-01
9.588980064894739863e-01
9.568524098153884383e-01
9.548031392070467360e-01
9.527124929108836682e-01
9.506119658413946238e-01
9.485621809270662341e-01
9.464744288831897778e-01
9.443118521692981382e-01
9.421955354120865600e-01
9.400656870036497859e-01
9.379371049451240561e-01
9.358040378312572072e-01
9.336306134457372785e-01
9.314319078642419036e-01
9.292585760286256047e-01
9.270931553584320639e-01
9.248823779050256988e-01
9.226597663542798200e-01
9.204383345915163606e-01
9.182322658675013960e-01
9.159910372058954753e-01
9.137333109841438983e-01
9.114537048777140438e-01
9.091916419099406177e-01
9.069104983659602714e-01
9.046166203490706437e-01
9.023606845049300107e-01
9.000000000000000222e-01
