0.000000000000000000e+00
5.194298264714689584e-01
5.304273399604917394e-01
6.988160845185715786e-01
6.268755167828775621e-01
6.051227730573931485e-01
7.193223973664657489e-01
7.281663801375928280e-01
7.353780472465322182e-01
8.701907083278996868e-01
5.833249154374601231e-01
8.788724069124497218e-01
7.377181876319897080e-01
6.947412266687592597e-01
8.709532165959605887e-01
1.000000000000000000e+00
7.470794743113794434e-01
9.045342142298413712e-01
6.937613097981412125e-01
8.263535690075674012e-01
7.976497471563355202e-01
8.507737600600039363e-01
7.945742245167117801e-01
6.790515807925128211e-01
7.584202818990318784e-01
7.617626102860582948e-01
9.936893506184546476e-01
7.412570436943769492e-01
6.771326650913571665e-01
8.806359895188633491e-01
7.883247113552543928e-01
6.970942330400942133e-01
6.826286441109790104e-01
6.983004549948457207e-01
7.976817036230602342e-01
8.734288350996930461e-01
6.673058000644304100e-01
5.977206397088985490e-01
9.512477450065834894e-01
8.148460770484100557e-01
7.826367248847718727e-01
6.286203677244759369e-01
8.410458296949918644e-01
7.338016349855216447e-01
6.693274853918839140e-01
6.786965230007974137e-01
6.880032462554603878e-01
7.330878586446128997e-01
6.641117502318694132e-01
5.977174151230233434e-01
7.529821871242707854e-01
6.552017862587272701e-01
6.897515597425217804e-01
7.912972544618832593e-01
7.433484007331718768e-01
6.798683654466027848e-01
5.807147535678305328e-01
6.717061645062066821e-01
7.420608482257378125e-01
5.045953241850607007e-01
5.004616673339237209e-01
6.965404417711001939e-01
6.144536479557803910e-01
6.259615684578662131e-01
5.859557432755533313e-01
4.938378477968939917e-01
4.781301161488314411e-01
6.772537792347309571e-01
6.939688993327864930e-01
4.209301665186783170e-01
5.216747877376755049e-01
6.590250071056200643e-01
6.279365772548387570e-01
3.851299273836614190e-01
3.556212546238435857e-01
4.286197757295194810e-01
6.605375198827476702e-01
5.601826214092974210e-01
5.268561465616825590e-01
5.384045635307060929e-01
5.826749680048693980e-01
0.000000000000000000e+00
