9.000000000000000222e-01
1.797693134862315758e+307
1.797693134862315758e+307
1.797693134862315758e+307
1.797693134862315758e+307
1.797693134862315758e+307
1.797693134862315758e+307
1.797693134862315758e+307
1.797693134862315758e+307
1.797693134862315758e+307
1.797693134862315758e+307
1.797693134862315758e+307
1.797693134862315758e+307
1.797693134862315758e+307
1.797693134862315758e+307
1.797693134862315758e+307
1.797693134862315758e+307
1.797693134862315758e+307
1.797693134862315758e+307
1.797693134862315758e+307
1.797693134862315758e+307
1.797693134862315758e+307
1.797693134862315758e+307
1.797693134862315758e+307
1.797693134862315758e+307
1.797693134862315758e+307
1.797693134862315758e+307
1.797693134862315758e+307
1.797693134862315758e+307
1.797693134862315758e+307
1.797693134862315758e+307
1.797693134862315758e+307
1.797693134862315758e+307
1.797693134862315758e+307
1.797693134862315758e+307
1.797693134862315758e+307
1.797693134862315758e+307
1.797693134862315758e+307
1.797693134862315758e+307
1.797693134862315758e+307
1.797693134862315758e+307
1.797693134862315758e+307
1.797693134862315758e+307
1.797693134862315758e+307
1.797693134862315758e+307
1.797693134862315758e+307
1.797693134862315758e+307
1.797693134862315758e+307
1.797693134862315758e+307
1.797693134862315758e+307
1.797693134862315758e+307
1.797693134862315758e+307
1.797693134862315758e+307
1.797693134862315758e+307
1.797693134862315758e+307
1.797693134862315758e+307
1.797693134862315758e+307
1.797693134862315758e+307
1.797693134862315758e+307
1.797693134862315758e+307
1.797693134862315758e+307
1.797693134862315758e+307
1.797693134862315758e+307
1.797693134862315758e+307
1.797693134862315758e+307
1.797693134862315758e+307
1.797693134862315758e+307
1.797693134862315758e+307
1.797693134862315758e+307
1.797693134862315758e+307
1.797693134862315758e+307
1.797693134862315758e+307
1.797693134862315758e+307
1.797693134862315758e+307
1.797693134862315758e+307
1.797693134862315758e+307
1.797693134862315758e+307
1.797693134862315758e+307
1.797693134862315758e+307
1.797693134862315758e+307
1.797693134862315758e+307
9.000000000000000222e-01
