9.014475993524053710e-01
9.017351575214501702e-01
9.017104935626231166e-01
9.016697901078039035e-01
9.019493708912347252e-01
9.018029769999531542e-01
9.018408056846448639e-01
9.014760634804290795e-01
9.018601279864966180e-01
9.019474193003949036e-01
9.021447250606886570e-01
9.019538318932676102e-01
9.019208657697419529e-01
9.018234040414314645e-01
9.025418277241907816e-01
9.021881508412099571e-01
9.025658802278776482e-01
9.026982692797982377e-01
9.021645816332941603e-01
9.022863364598792124e-01
9.023135716395662698e-01
9.022350389488694722e-01
9.022209095501325660e-01
9.017909144944300515e-01
9.046477310635203661e-01
9.026953507401178634e-01
9.016466418268640481e-01
9.037959264244936897e-01
9.284192851525991941e-01
9.332282107538817373e-01
9.317940096237058434e-01
9.353622987743217543e-01
9.374362340316571007e-01
9.423698992076339209e-01
9.438819121087318464e-01
9.457829983222947323e-01
9.473743675934418462e-01
9.484273004515996197e-01
9.492528185779397498e-01
9.511266273684451100e-01
9.527298786225623095e-01
9.543926579755748207e-01
9.557500324220534749e-01
9.594148745672878009e-01
9.616747886651269006e-01
9.629776600362159877e-01
9.656702327522136420e-01
9.667859512236681718e-01
9.684181719076631056e-01
9.737857730087342567e-01
9.778877526573476198e-01
9.798952698634414427e-01
9.848128209000648337e-01
9.894711341809462324e-01
9.944281928864820985e-01
1.000000000000000000e+00
9.802441036887281633e-01
9.273512521265113717e-01
9.094566372396644116e-01
9.109863083283181728e-01
9.097507577150639735e-01
9.079560269259574490e-01
9.057978623947826602e-01
9.064359266380312974e-01
9.062780146959804606e-01
9.040588141900050001e-01
9.036361776243105881e-01
9.041845393220918625e-01
9.032275784481147429e-01
9.031034670155783095e-01
9.036182983470635310e-01
9.031346582052067751e-01
9.022609097702818381e-01
9.034457862811012818e-01
9.035123352255792772e-01
9.030308257549845008e-01
9.041418688909761414e-01
9.049897038135188421e-01
9.045000939261496065e-01
9.041829302974115912e-01
9.041434279533956397e-01
9.029434144750687619e-01
