8.998495271548971886e-01
9.004045581108638396e-01
9.002425251605176149e-01
9.005329670072693693e-01
9.004003383350053236e-01
8.995867635473593360e-01
9.004493414091722103e-01
9.001614392761034811e-01
9.001732744408790232e-01
9.010942257493055330e-01
8.999905885245792492e-01
9.010319234768444652e-01
9.006145697517353721e-01
9.002844624897328174e-01
9.014982231385415545e-01
9.016166796605465938e-01
9.008378137867103508e-01
9.019300383955403122e-01
9.003523608240118214e-01
9.009049795414518780e-01
9.010495830705153031e-01
9.014550416269565547e-01
9.007777353863418712e-01
9.001073104517491874e-01
9.027611486417165265e-01
9.010076862774041295e-01
9.013414004738204977e-01
9.021686302702034421e-01
9.228782566465933979e-01
9.282957773833693249e-01
9.266399166467641502e-01
9.296779352923918438e-01
9.315030421989209941e-01
9.361261600668356886e-01
9.381345465024362174e-01
9.403059511973882456e-01
9.409274677100932793e-01
9.418165205918570537e-01
9.439383625377011366e-01
9.453095193761912318e-01
9.469172952327994386e-01
9.478412156416604617e-01
9.503647677914052183e-01
9.535076669118557335e-01
9.555147209418485277e-01
9.570286290985910993e-01
9.599057663949579489e-01
9.616109986568222023e-01
9.627314513186056022e-01
9.682466151859813186e-01
9.736270540907068227e-01
9.755404324444177933e-01
9.812221608841321663e-01
9.869751767084903316e-01
9.929383384152488112e-01
9.991338021448809004e-01
9.750159062780785479e-01
9.225490980190895751e-01
9.074235205519669556e-01
9.073900652580435544e-01
9.067545910707690560e-01
9.060305309824540076e-01
9.036182458610084733e-01
9.043624783831073488e-01
9.042630804703891689e-01
9.021555537872579800e-01
9.013190555455061759e-01
9.027974674254836129e-01
9.024948881341041673e-01
9.006877079686596010e-01
9.017504163990043287e-01
9.021678735837386220e-01
9.011079608378901318e-01
9.011474155248251350e-01
9.010470243091585063e-01
9.010350299480119896e-01
9.026581058714017169e-01
9.033103806410238690e-01
9.027621063131088253e-01
9.024146279484657196e-01
9.026292454730372450e-01
9.012342717963617300e-01
