9.019727988420520592e-01
9.023610488666580220e-01
9.023274188088898917e-01
9.022689877723212293e-01
9.026486974312989409e-01
9.024469523696916351e-01
9.025046226209967326e-01
9.020084527232916649e-01
9.025236540680390274e-01
9.026442874778095593e-01
9.029127962278125086e-01
9.026524522375611870e-01
9.026123451828649280e-01
9.024782981993104691e-01
9.034433496279122844e-01
9.029621412636866795e-01
9.034732339266861034e-01
9.036568525364498949e-01
9.029344852106400143e-01
9.030960668436973648e-01
9.031394473255476285e-01
9.030365042072867610e-01
9.030096841796133589e-01
9.024295646893145673e-01
9.062556536238172145e-01
9.036483605969601873e-01
9.022316188312123897e-01
9.050357504876246351e-01
9.349948372891891957e-01
9.404272020789364861e-01
9.387790649664283782e-01
9.426968653724477898e-01
9.447974193226695849e-01
9.499598006645421089e-01
9.514988597922309221e-01
9.533885304061527899e-01
9.549969589309637019e-01
9.560844035778724992e-01
9.567187939598751356e-01
9.585967237629144932e-01
9.601756832006255182e-01
9.617545307459448578e-01
9.629841122728799441e-01
9.663774199869170634e-01
9.684347324802408119e-01
9.696010024097542201e-01
9.720443733564223532e-01
9.730969504084739929e-01
9.742383137561112516e-01
9.788708131992618355e-01
9.823611846225548394e-01
9.839457745591090321e-01
9.877913575760710607e-01
9.912882000593956633e-01
9.951871953158101247e-01
1.000000000000000000e+00
9.854412773231921996e-01
9.340233823124980406e-01
9.124711912669118963e-01
9.144366303566302534e-01
9.129074806030507139e-01
9.105892802757428184e-01
9.077561453759326326e-01
9.086036495792486622e-01
9.084150979299367989e-01
9.054848838349032203e-01
9.049047530765644831e-01
9.056410220118972232e-01
9.043761142833262046e-01
9.041953685469674706e-01
9.048894577094538372e-01
9.042490596934162905e-01
9.030679175880791387e-01
9.046619261959850666e-01
9.047493451111731089e-01
9.041039386001186173e-01
9.055723409921705436e-01
9.067131155299363865e-01
9.060639287215734861e-01
9.056360769927194188e-01
9.055831879919787886e-01
9.039879877288503618e-01
