6.600703250363278984e-01
6.614624923813666735e-01
6.612704634944390758e-01
6.622695956815564111e-01
6.621592599689031244e-01
6.624736713556861334e-01
6.615777430956338856e-01
6.610274710000304532e-01
6.629845607255687723e-01
6.631200966894825743e-01
6.622712458617513454e-01
6.633164525482475593e-01
6.619115239328348110e-01
6.618218928432735293e-01
6.648029442035349179e-01
6.651814298667934056e-01
6.648709283241844847e-01
6.649400350682996841e-01
6.634453082056971374e-01
6.646580932710492995e-01
6.636274703305546918e-01
6.630148242139186632e-01
6.641128811612032612e-01
6.624536504794272807e-01
6.700041669901283248e-01
6.650892265049952456e-01
6.634067460349611922e-01
6.729312328413675770e-01
7.426300986108814728e-01
7.568425136692371602e-01
7.527620307125169052e-01
7.628411399648533653e-01
7.704861878246122009e-01
7.863313032128205204e-01
7.915880305387992255e-01
7.985308693431623084e-01
8.028157866493078609e-01
8.053214232707696096e-01
8.116412971039504987e-01
8.167971883103070097e-01
8.216860072841944973e-01
8.268281286710408295e-01
8.326754680190006086e-01
8.453525052922633565e-01
8.532175163696548159e-01
8.578730020692909575e-01
8.673626753236137743e-01
8.706176210655038883e-01
8.789797046676935954e-01
8.983714066448303948e-01
9.140318976464089085e-01
9.215400976004891609e-01
9.418552663544929038e-01
9.624265141563158599e-01
9.812021398313245379e-01
1.000000000000000000e+00
9.154266684618149741e-01
7.369691888517720946e-01
6.848681771876289348e-01
6.882165494500684932e-01
6.831441860794071896e-01
6.791407293559187375e-01
6.739266582136372863e-01
6.751200842953098968e-01
6.736376383183207972e-01
6.668841721186912208e-01
6.672544687883182890e-01
6.689016999437434885e-01
6.650902620753234018e-01
6.655348754821788226e-01
6.666600256045236428e-01
6.651258963129427215e-01
6.635413727586689792e-01
6.654855209931033189e-01
6.657440533815482953e-01
6.647000799155406980e-01
6.698146129739982468e-01
6.704405182500392524e-01
6.690418047644713928e-01
6.687859656749106652e-01
6.689923083449205166e-01
6.645832278367971302e-01
