3.640585011809910343e-01
3.968493410720832504e-01
3.823256847324273955e-01
4.153408747727291295e-01
3.784985232355286833e-01
3.072464254436995112e-01
3.926321108868197074e-01
3.935527619496878571e-01
3.625234986731936671e-01
6.996128030474444426e-01
8.202347423122914316e-01
9.426572071029106770e-01
9.028563180018459589e-01
8.771574767894441127e-01
9.411765230752172640e-01
9.827393931468243471e-01
8.714884740255786078e-01
9.723482544248296389e-01
8.554544808899338104e-01
9.017101711146396914e-01
9.144463720600912726e-01
9.626563145006664657e-01
8.942238580103000212e-01
8.616273785368243621e-01
8.934147417918114620e-01
8.780525186433247864e-01
1.000000000000000000e+00
9.033863612351061834e-01
8.462387374675119922e-01
9.508683956067284226e-01
9.163742737477629241e-01
8.929104425528425759e-01
8.789171664097163994e-01
8.730239482819444063e-01
9.282996062656918568e-01
9.593613528019928616e-01
8.687791545006965377e-01
8.583040445303108390e-01
9.773203497411382390e-01
9.327126121143567428e-01
9.358702275817019078e-01
8.629145782513950591e-01
9.747233063798499408e-01
9.142507985746531896e-01
8.813475477346633946e-01
8.972410271841861906e-01
9.024081568446810087e-01
8.593312956777583445e-01
6.355381578211177773e-01
4.576336223962511607e-01
4.409258223978315128e-01
4.090269916911232762e-01
4.102296810160547258e-01
4.298645985050516538e-01
4.453395695657029196e-01
4.111790413500438501e-01
3.509593907872216589e-01
4.150606561123575400e-01
4.601156113991379804e-01
3.255142155290388639e-01
3.682193237138373099e-01
4.470991917933108684e-01
3.835547245855508436e-01
4.058161360261556272e-01
4.095587197407528079e-01
3.815999332284317758e-01
3.310163540785920899e-01
4.361764598069989285e-01
4.860904255346351621e-01
3.111831000053105201e-01
3.768498293184003867e-01
4.603103087800445303e-01
4.248373086041213331e-01
3.297871794401609491e-01
3.138928238861183884e-01
3.530262561299442048e-01
4.251723848858410260e-01
4.209835270084126280e-01
4.062064068924930993e-01
3.971571907210949548e-01
4.223514631239247974e-01
3.807342071795635219e-01
