5.954870127463048890e-01
5.970699020694817394e-01
5.969007200740653607e-01
5.980648937945571841e-01
5.980033192336924319e-01
5.985046680437682287e-01
5.971962503791728993e-01
5.966614546129594965e-01
5.990381830613838998e-01
5.990020193567627826e-01
5.982104435740406290e-01
5.992204963959915087e-01
5.975954629729194334e-01
5.976269777921103810e-01
6.010331308458651822e-01
6.014887131949234744e-01
6.012513506974239696e-01
6.010835830206862074e-01
5.996291157510509340e-01
6.009584400610361588e-01
5.996162595011527152e-01
5.988200442373556864e-01
6.003121573988884352e-01
5.985682618790676424e-01
6.071942108607683020e-01
6.014626759396025646e-01
5.996002043677083337e-01
6.126978483989601321e-01
6.944839488565711649e-01
7.107665540535068605e-01
7.062966859973116573e-01
7.182577857889594908e-01
7.276379160507234767e-01
7.463107009455789420e-01
7.524905439771053528e-01
7.607008516539813803e-01
7.659293637790227649e-01
7.689448131035940825e-01
7.763902510834072013e-01
7.825633597712235989e-01
7.883653948777571419e-01
7.946358305520551113e-01
8.015399791781961936e-01
8.167025555621092447e-01
8.261122382967934774e-01
8.316913429743777453e-01
8.428793430533969566e-01
8.466858567472006492e-01
8.571453599356203545e-01
8.802149280489430794e-01
8.985924926070397722e-01
9.077766677940339868e-01
9.320725274599032106e-01
9.566299421895363420e-01
9.788796548771218076e-01
1.000000000000000000e+00
8.980618491240708323e-01
6.868815810832734625e-01
6.252084548505087991e-01
6.291146180032173296e-01
6.228881057821356038e-01
6.179989149050155728e-01
6.120680652972223523e-01
6.133430046534564806e-01
6.114436051159666263e-01
6.035227975508459242e-01
6.041914653931151902e-01
6.058462047549543206e-01
6.011738148224707867e-01
6.021571668520990794e-01
6.032918403575538990e-01
6.012491298819906405e-01
5.995390083850981044e-01
6.019768052069228714e-01
6.023253790235393312e-01
6.010674442753702884e-01
6.070706564309180653e-01
6.076991195076034691e-01
6.060789396907674265e-01
6.058396426036344318e-01
6.060115895880333614e-01
6.008350178942286623e-01
