0.000000000000000000e+00
2.673356490387184259e-01
3.061821462745581979e-01
5.572729019592693733e-01
4.683628123188975922e-01
5.339742264078528589e-01
5.941979679511235624e-01
6.161665844387794744e-01
6.901727566641900902e-01
7.914163309364190546e-01
4.621575914680199904e-01
8.236774146369130190e-01
6.115446796683802200e-01
5.787056151564625717e-01
8.200287132347878760e-01
1.000000000000000000e+00
6.962711022939211958e-01
8.213683656663967048e-01
6.215523768973698626e-01
8.000991130024673881e-01
7.127655417881039179e-01
7.316234942610787551e-01
7.476394426909809265e-01
5.746558414957982919e-01
6.779253541356972113e-01
7.165066203276360124e-01
9.485345531410055431e-01
6.204456995578468970e-01
6.027131546533694983e-01
8.139279125417723249e-01
6.881031759019823335e-01
5.459924225903147743e-01
5.455964247542965939e-01
5.902812418265973582e-01
6.894487396940901514e-01
7.847754935893719308e-01
5.371902657844710438e-01
4.236400754912761357e-01
9.198183495328217107e-01
7.257703163448373518e-01
6.531059149703315470e-01
4.818799822762195317e-01
7.016893499060498085e-01
6.023149620267789217e-01
5.357658408526615457e-01
5.252972903524412152e-01
5.342171369420258831e-01
5.181047400220217813e-01
5.247861197487730944e-01
4.455885245604899736e-01
6.021553641828165659e-01
4.652872880491668584e-01
5.406604656162803391e-01
7.125818945151586314e-01
5.835566860372435327e-01
5.222973923168986454e-01
4.389996727794280851e-01
5.007688147723129424e-01
5.588077383536327325e-01
3.346056318025318332e-01
2.419473719802407441e-01
4.964487849527701724e-01
4.560453707423445802e-01
4.355084993954249639e-01
3.445410209495014531e-01
2.119126403949209980e-01
2.860658021046530441e-01
4.900788878867481935e-01
4.262082202917963913e-01
2.112091072344277343e-01
2.912034097278333733e-01
4.113394565056059382e-01
4.207710114503071530e-01
1.066669724510534573e-01
7.856824800461258140e-02
1.568042928322912477e-01
4.986400038337744922e-01
2.968890233321579974e-01
2.597225137010716334e-01
3.048419018713419137e-01
3.535453908841491022e-01
0.000000000000000000e+00
