4.254163372082887112e-02
5.613107531149769125e-01
6.553658717152158752e-01
7.745911816540249628e-01
8.694700289499848189e-01
9.705671138192289993e-01
9.968663277016793778e-01
9.973519939278403523e-01
9.987399895221893420e-01
9.981871588723367772e-01
9.969101892730020120e-01
9.985025045360133022e-01
9.968482033958173671e-01
9.969876042232732605e-01
9.984988277193176387e-01
1.000000000000000000e+00
9.985287391283925729e-01
9.979661113146072182e-01
9.982919748392568016e-01
9.992684464771880437e-01
9.976154401158126017e-01
9.969721796042283479e-01
9.989215779771649650e-01
9.974580253162580457e-01
9.980632227082889552e-01
9.986513514907645606e-01
9.986687556985784919e-01
9.970895779781496771e-01
9.980983046183713459e-01
9.981606146556434300e-01
9.973949105910759894e-01
9.961984058251515117e-01
9.965489548116281959e-01
9.961786524886490080e-01
9.862961168494034370e-01
9.771960111949339334e-01
9.666021098204805595e-01
9.556269790183768986e-01
9.493516142276046121e-01
9.382347043539126519e-01
9.276129228447432817e-01
9.174178487241837487e-01
9.077879606239238619e-01
8.984449115186612378e-01
8.887267627969831496e-01
8.784446345100196396e-01
8.685707844562632340e-01
8.573614814100686266e-01
8.497613706584573601e-01
8.396749287523321836e-01
8.297906877175266205e-01
8.191886075506915610e-01
8.105255136140000483e-01
8.024858314842908680e-01
7.907292209340517353e-01
7.812534882577559792e-01
7.720412489592078931e-01
7.613111778613077529e-01
7.513859558277652395e-01
7.421942871603717240e-01
7.300674187771089008e-01
7.216773729348674449e-01
7.132080496749855225e-01
7.025987231592784044e-01
6.915782902437028756e-01
6.809893013454803024e-01
6.736951936174401245e-01
6.636511773593601893e-01
6.519518850950031252e-01
6.440209668261350773e-01
6.336341248796314440e-01
6.231776470475680618e-01
6.147090093559035573e-01
6.034958951132395333e-01
5.938612611611446823e-01
5.841537292613682153e-01
5.769970743649196487e-01
5.646473179476318993e-01
5.548665706183475432e-01
5.439083751510180864e-01
4.867112161050225483e-01
3.200507765719666931e-03
