1.175252935033820230e-02
1.410501762852572546e-02
1.390106103536841581e-02
1.358577919409149903e-02
1.585242440599999789e-02
1.466530838604269971e-02
1.496412243264595189e-02
1.199531756572052264e-02
1.513969839673876862e-02
1.585610694808840815e-02
1.743691429578190372e-02
1.591140636498680067e-02
1.561932291660008201e-02
1.482444719824977178e-02
2.071880193332975920e-02
1.785008181894753160e-02
2.091081144427424029e-02
2.199703157906965356e-02
1.761994546989750082e-02
1.863519510560436923e-02
1.883917332896458546e-02
1.819223918765182010e-02
1.809283218147424155e-02
1.456744974190769641e-02
3.800587119419570475e-02
2.196939899453137154e-02
1.341400473820449080e-02
3.110823733834187574e-02
2.437776394566374960e-01
2.877491756594414696e-01
2.745544966750018689e-01
3.072229178635793589e-01
3.268386362149737767e-01
3.736445320531813774e-01
3.883378155019799327e-01
4.070226654427144819e-01
4.220715683579110977e-01
4.319836486118770469e-01
4.415953853836225296e-01
4.596571800260786933e-01
4.754270022912384652e-01
4.917809716254905594e-01
5.061127062284348499e-01
5.434390844180282398e-01
5.667184085159738816e-01
5.803075295764644759e-01
6.085749948254376429e-01
6.200760712615007719e-01
6.384770365020955296e-01
6.963499753172270879e-01
7.420315602328760862e-01
7.642761747223800750e-01
8.209761707081554283e-01
8.765914967237451449e-01
9.347139669700710307e-01
1.000000000000000000e+00
7.646937692271028597e-01
2.337744167366177239e-01
7.812480234275231972e-02
9.091681797144016142e-02
8.039739766304702939e-02
6.546429113921858889e-02
4.753840987832725490e-02
5.280976248937394729e-02
5.145079991285132076e-02
3.310212388587166488e-02
2.967014246607165354e-02
3.419885990443744667e-02
2.630536789001082856e-02
2.529084106359285808e-02
2.951398862190061576e-02
2.554934542408867151e-02
1.840960830928600050e-02
2.807361356571383415e-02
2.861974735526197355e-02
2.468344152610787295e-02
3.387838140685116989e-02
4.080963400596761270e-02
3.676798187735132867e-02
3.417569395685188249e-02
3.386487875252781193e-02
2.397373112767051465e-02
