9.000000000000000222e-01
9.119540741396976458e-01
9.236292472659366481e-01
9.350355247109407575e-01
9.350591682091984325e-01
9.350633974337587695e-01
9.350574088574487019e-01
9.350542278963823728e-01
9.350450824207758860e-01
9.350257911336311567e-01
9.350794527695514002e-01
9.350230199020588273e-01
9.350543498963094224e-01
9.350615088456599722e-01
9.350267487676661160e-01
9.349968564282994388e-01
9.350443879202250397e-01
9.350228824015798246e-01
9.350545988094502992e-01
9.350275529230155369e-01
9.350410145366453429e-01
9.350374053701557830e-01
9.350341323805589910e-01
9.350607096833831733e-01
9.350453261284297213e-01
9.350404311687219305e-01
9.357365513308415483e-01
9.365350307104931549e-01
9.373042210414299635e-01
9.380488929090999850e-01
9.388632181809902777e-01
9.396977241133119829e-01
9.405255936173427811e-01
9.413629550764908149e-01
9.422056133014776735e-01
9.430626314283441225e-01
9.440006400035586553e-01
9.449374543289853490e-01
9.457712967295291984e-01
9.467553815730831435e-01
9.477341632809671568e-01
9.487559070961547603e-01
9.497144407524578114e-01
9.507588861643428979e-01
9.518172762247962826e-01
9.528843450460340314e-01
9.539681893468520135e-01
9.550773346068600622e-01
9.562030659049425285e-01
9.573724308848761133e-01
9.585060862768639556e-01
9.597329722644245553e-01
9.609322516533272962e-01
9.621279174570223081e-01
9.634231126423987712e-01
9.647250489485300617e-01
9.660591314788274930e-01
9.673796526106047677e-01
9.687222334715467342e-01
9.701724803940101616e-01
9.716133044060287771e-01
9.729791346404272900e-01
9.744562697537221263e-01
9.759544115402947195e-01
9.775016883599901840e-01
9.790914910853110165e-01
9.806459563276589408e-01
9.821862708262487640e-01
9.838384001941617996e-01
9.855759512863639937e-01
9.872423498865402491e-01
9.889254396636012467e-01
9.906745520503943414e-01
9.925722399879881586e-01
9.944005912081346210e-01
9.962236943035421843e-01
9.979763057823773931e-01
1.000000000000000000e+00
9.570855028829978739e-01
9.236374354896599304e-01
9.049166823176761909e-01
9.000000000000000222e-01
